var G_CURRENT_ELEMENTAL_DATA = {
  "_stiffness_matrix" : "This is the matrix of the global stiffness matrix",
  "stiffness_matrix" :[
    [ 7.87500e+07,  0.00000e+00, -1.12500e+07,  0.00000e+00, -2.81250e+07,  0.00000e+00, -1.12500e+07,  0.00000e+00, -2.81250e+07,  0.00000e+00],
    [ 0.00000e+00,  7.87500e+07,  0.00000e+00, -2.81250e+07,  0.00000e+00, -1.12500e+07,  0.00000e+00, -2.81250e+07,  0.00000e+00, -1.12500e+07],
    [-1.12500e+07,  0.00000e+00,  1.12500e+07,  0.00000e+00,  0.00000e+00, -5.62500e+06,  0.00000e+00,  0.00000e+00,  0.00000e+00,  5.62500e+06],
    [ 0.00000e+00, -2.81250e+07,  0.00000e+00,  2.81250e+07, -2.81250e+06,  0.00000e+00,  0.00000e+00,  0.00000e+00,  2.81250e+06,  0.00000e+00],
    [-2.81250e+07,  0.00000e+00,  0.00000e+00, -2.81250e+06,  2.81250e+07,  0.00000e+00,  0.00000e+00,  2.81250e+06,  0.00000e+00,  0.00000e+00],
    [ 0.00000e+00, -1.12500e+07, -5.62500e+06,  0.00000e+00,  0.00000e+00,  1.12500e+07,  5.62500e+06,  0.00000e+00,  0.00000e+00,  0.00000e+00],
    [-1.12500e+07,  0.00000e+00,  0.00000e+00,  0.00000e+00,  0.00000e+00,  5.62500e+06,  1.12500e+07,  0.00000e+00,  0.00000e+00, -5.62500e+06],
    [ 0.00000e+00, -2.81250e+07,  0.00000e+00,  0.00000e+00,  2.81250e+06,  0.00000e+00,  0.00000e+00,  2.81250e+07, -2.81250e+06,  0.00000e+00],
    [-2.81250e+07,  0.00000e+00,  0.00000e+00,  2.81250e+06,  0.00000e+00,  0.00000e+00,  0.00000e+00, -2.81250e+06,  2.81250e+07,  0.00000e+00],
    [ 0.00000e+00, -1.12500e+07,  5.62500e+06,  0.00000e+00,  0.00000e+00,  0.00000e+00, -5.62500e+06,  0.00000e+00,  0.00000e+00,  1.12500e+07]
  ],
  "_dmat" : "This is the constitutive matrix",
  "dmat" :[
    [ 2.81250e+07,  5.62500e+06,  0.00000e+00],
    [ 5.62500e+06,  2.81250e+07,  0.00000e+00],
    [ 0.00000e+00,  0.00000e+00,  1.12500e+07]
  ],
  "_young" : "Young Modulus",
  "young" :[
    [ 2.70000e+07]
  ],
  "_poiss" : "Poission Ratio",
  "poiss" :[
    [ 2.00000e-01]
  ],
  "_pstrs" : "1 indicate Plane Stress; 0 indicate Plane Strain",
  "pstrs" :[
    [ 1.00000e+00]
  ],
  "_M" : "This is the matrix of the global stiffness matrix",
  "M" :[
  [
    [ 1.96875e+07, -8.43750e+06, -5.62500e+06,  2.81250e+06, -1.40625e+07,  5.62500e+06],
    [-8.43750e+06,  1.96875e+07,  5.62500e+06, -1.40625e+07,  2.81250e+06, -5.62500e+06],
    [-5.62500e+06,  5.62500e+06,  5.62500e+06,  0.00000e+00,  0.00000e+00, -5.62500e+06],
    [ 2.81250e+06, -1.40625e+07,  0.00000e+00,  1.40625e+07, -2.81250e+06,  0.00000e+00],
    [-1.40625e+07,  2.81250e+06,  0.00000e+00, -2.81250e+06,  1.40625e+07,  0.00000e+00],
    [ 5.62500e+06, -5.62500e+06, -5.62500e+06,  0.00000e+00,  0.00000e+00,  5.62500e+06]
  ],
  [
    [ 1.96875e+07,  8.43750e+06, -1.40625e+07, -5.62500e+06, -5.62500e+06, -2.81250e+06],
    [ 8.43750e+06,  1.96875e+07, -2.81250e+06, -5.62500e+06, -5.62500e+06, -1.40625e+07],
    [-1.40625e+07, -2.81250e+06,  1.40625e+07,  0.00000e+00,  0.00000e+00,  2.81250e+06],
    [-5.62500e+06, -5.62500e+06,  0.00000e+00,  5.62500e+06,  5.62500e+06,  0.00000e+00],
    [-5.62500e+06, -5.62500e+06,  0.00000e+00,  5.62500e+06,  5.62500e+06,  0.00000e+00],
    [-2.81250e+06, -1.40625e+07,  2.81250e+06,  0.00000e+00,  0.00000e+00,  1.40625e+07]
  ],
  [
    [ 1.96875e+07, -8.43750e+06, -5.62500e+06,  2.81250e+06, -1.40625e+07,  5.62500e+06],
    [-8.43750e+06,  1.96875e+07,  5.62500e+06, -1.40625e+07,  2.81250e+06, -5.62500e+06],
    [-5.62500e+06,  5.62500e+06,  5.62500e+06,  0.00000e+00,  0.00000e+00, -5.62500e+06],
    [ 2.81250e+06, -1.40625e+07,  0.00000e+00,  1.40625e+07, -2.81250e+06,  0.00000e+00],
    [-1.40625e+07,  2.81250e+06,  0.00000e+00, -2.81250e+06,  1.40625e+07,  0.00000e+00],
    [ 5.62500e+06, -5.62500e+06, -5.62500e+06,  0.00000e+00,  0.00000e+00,  5.62500e+06]
  ],
  [
    [ 1.96875e+07,  8.43750e+06, -1.40625e+07, -5.62500e+06, -5.62500e+06, -2.81250e+06],
    [ 8.43750e+06,  1.96875e+07, -2.81250e+06, -5.62500e+06, -5.62500e+06, -1.40625e+07],
    [-1.40625e+07, -2.81250e+06,  1.40625e+07,  0.00000e+00,  0.00000e+00,  2.81250e+06],
    [-5.62500e+06, -5.62500e+06,  0.00000e+00,  5.62500e+06,  5.62500e+06,  0.00000e+00],
    [-5.62500e+06, -5.62500e+06,  0.00000e+00,  5.62500e+06,  5.62500e+06,  0.00000e+00],
    [-2.81250e+06, -1.40625e+07,  2.81250e+06,  0.00000e+00,  0.00000e+00,  1.40625e+07]
  ]
  ],
  "_f" : "This is the matrix of the global stiffness matrix",
  "f" :[
  [
    [ 0.00000e+00],
    [-4.16667e-02],
    [ 0.00000e+00],
    [-4.16667e-02],
    [ 0.00000e+00],
    [-4.16667e-02]
  ],
  [
    [ 0.00000e+00],
    [-4.16667e-02],
    [ 0.00000e+00],
    [-4.16667e-02],
    [ 0.00000e+00],
    [-4.16667e-02]
  ],
  [
    [ 0.00000e+00],
    [-4.16667e-02],
    [ 0.00000e+00],
    [-4.16667e-02],
    [ 0.00000e+00],
    [-4.16667e-02]
  ],
  [
    [ 0.00000e+00],
    [-4.16667e-02],
    [ 0.00000e+00],
    [-4.16667e-02],
    [ 0.00000e+00],
    [-4.16667e-02]
  ]
  ],
  "_area" : "This is the matrix of the global stiffness matrix",
  "area" :[
  [
    [ 1.25000e-01]
  ],
  [
    [ 1.25000e-01]
  ],
  [
    [ 1.25000e-01]
  ],
  [
    [ 1.25000e-01]
  ]
  ],
  "_bmat" : "This is the matrix of the global stiffness matrix",
  "bmat" :[
  [
    [-2.00000e+00,  0.00000e+00,  0.00000e+00,  0.00000e+00,  2.00000e+00,  0.00000e+00],
    [ 0.00000e+00,  2.00000e+00,  0.00000e+00, -2.00000e+00,  0.00000e+00,  0.00000e+00],
    [ 2.00000e+00, -2.00000e+00, -2.00000e+00,  0.00000e+00,  0.00000e+00,  2.00000e+00]
  ],
  [
    [-2.00000e+00,  0.00000e+00,  2.00000e+00,  0.00000e+00,  0.00000e+00,  0.00000e+00],
    [ 0.00000e+00, -2.00000e+00,  0.00000e+00,  0.00000e+00,  0.00000e+00,  2.00000e+00],
    [-2.00000e+00, -2.00000e+00,  0.00000e+00,  2.00000e+00,  2.00000e+00,  0.00000e+00]
  ],
  [
    [ 2.00000e+00,  0.00000e+00,  0.00000e+00,  0.00000e+00, -2.00000e+00,  0.00000e+00],
    [ 0.00000e+00, -2.00000e+00,  0.00000e+00,  2.00000e+00,  0.00000e+00,  0.00000e+00],
    [-2.00000e+00,  2.00000e+00,  2.00000e+00,  0.00000e+00,  0.00000e+00, -2.00000e+00]
  ],
  [
    [ 2.00000e+00,  0.00000e+00, -2.00000e+00,  0.00000e+00,  0.00000e+00,  0.00000e+00],
    [ 0.00000e+00,  2.00000e+00,  0.00000e+00,  0.00000e+00,  0.00000e+00, -2.00000e+00],
    [ 2.00000e+00,  2.00000e+00,  0.00000e+00, -2.00000e+00, -2.00000e+00,  0.00000e+00]
  ]
  ],
};