xnode = [
    0,  0  ;
    1,  0  ;
    2,  0  ;
    3,  0  ;
    0,  1  ;
    1,  1  ;
    2,  1  ;
    3,  1  ;
    0,  2  ;
    1,  2  ;
    2,  2  ;
    3,  2  ;
    0,  3  ;
    1,  3  ;
    2,  3  ;
    3,  3
];

ielem = [
    1,  5,  6,  2  ;
    2,  6,  7,  3  ;
    3,  7,  8,  4  ;
    5,  9, 10,  6  ;
    6, 10, 11,  7  ;
    7, 11, 12,  8  ;
    9, 13, 14, 10  ;
   10, 14, 15, 11  ;
   11, 15, 16, 12
];
