%
% Material Properties
%
 kx  = 5.0;
 ky  = 5.0;
 heat= 0.0;
%
% Coordinates
%
global coordinates
coordinates = [
  0.00 , 0.00;
  0.50 , 0.00;
  1.00 , 0.00;
  1.50 , 0.00;
  2.00 , 0.00;
  2.50 , 0.00;
  0.00 , 0.50;
  0.50 , 0.50;
  1.00 , 0.50;
  1.50 , 0.50;
  2.00 , 0.50;
  2.50 , 0.50;
  0.00 , 1.00;
  0.50 , 1.00;
  1.00 , 1.00;
  1.50 , 1.00;
  2.00 , 1.00;
   2.50 , 1.00  ];
%
% Elements
%
global elements
elements = [
    1,   2,   7 ;
    2,   3,   8 ;
    3,   4,   9 ;
    4,   5,  10 ;
    5,   6,  11 ;
    8,   7,   2 ;
    9,   8,   3 ;
   10,   9,   4 ;
   11,  10,   5 ;
   12,  11,   6 ;
    7,   8,  13 ;
    8,   9,  14 ;
    9,  10,  15 ;
   10,  11,  16 ;
   11,  12,  17 ;
   14,  13,   8 ;
   15,  14,   9 ;
   16,  15,  10 ;
   17,  16,  11 ;
   18,  17,  12 ];
%
% Fixed Nodes
%
fixnodes = [
	    1,  0.0 ;
	    7,  0.0 ;
	   13,  0.0 ];
%
% Point loads
%
pointload = [
	       6, -1.0 ;
           12, -1.0 ;
           18, -1.0 ];
%
% Side loads
%
sideload = [
             11,12, 2.0;
             12,13, 2.0;
             13,14, 2.0;
             14,15, 2.0 ];
