var G_CURRENT_ELEMENTAL_DATA = {
  "_stiffness_matrix" : "This is the matrix of the global stiffness matrix",
  "stiffness_matrix" :[
    [-1.31250e+06, -4.21875e+05,  7.50000e+05,  1.40625e+05,  0.00000e+00,  0.00000e+00, -9.37500e+04, -1.40625e+05,  6.56250e+05,  4.21875e+05,  0.00000e+00,  0.00000e+00,  0.00000e+00,  0.00000e+00,  0.00000e+00,  0.00000e+00,  0.00000e+00,  0.00000e+00],
    [-4.21875e+05, -1.31250e+06, -1.40625e+05, -9.37500e+04,  0.00000e+00,  0.00000e+00,  1.40625e+05,  7.50000e+05,  4.21875e+05,  6.56250e+05,  0.00000e+00,  0.00000e+00,  0.00000e+00,  0.00000e+00,  0.00000e+00,  0.00000e+00,  0.00000e+00,  0.00000e+00],
    [ 7.50000e+05, -1.40625e+05, -2.62500e+06,  0.00000e+00,  7.50000e+05,  1.40625e+05,  6.56250e+05, -4.21875e+05, -1.87500e+05,  0.00000e+00,  6.56250e+05,  4.21875e+05,  0.00000e+00,  0.00000e+00,  0.00000e+00,  0.00000e+00,  0.00000e+00,  0.00000e+00],
    [ 1.40625e+05, -9.37500e+04,  0.00000e+00, -2.62500e+06, -1.40625e+05, -9.37500e+04, -4.21875e+05,  6.56250e+05, -2.91038e-11,  1.50000e+06,  4.21875e+05,  6.56250e+05,  0.00000e+00,  0.00000e+00,  0.00000e+00,  0.00000e+00,  0.00000e+00,  0.00000e+00],
    [ 0.00000e+00,  0.00000e+00,  7.50000e+05, -1.40625e+05, -1.31250e+06,  4.21875e+05,  0.00000e+00,  0.00000e+00,  6.56250e+05, -4.21875e+05, -9.37500e+04,  1.40625e+05,  0.00000e+00,  0.00000e+00,  0.00000e+00,  0.00000e+00,  0.00000e+00,  0.00000e+00],
    [ 0.00000e+00,  0.00000e+00,  1.40625e+05, -9.37500e+04,  4.21875e+05, -1.31250e+06,  0.00000e+00,  0.00000e+00, -4.21875e+05,  6.56250e+05, -1.40625e+05,  7.50000e+05,  0.00000e+00,  0.00000e+00,  0.00000e+00,  0.00000e+00,  0.00000e+00,  0.00000e+00],
    [-9.37500e+04,  1.40625e+05,  6.56250e+05, -4.21875e+05,  0.00000e+00,  0.00000e+00, -2.62500e+06,  1.16415e-10,  1.50000e+06, -2.91038e-11,  0.00000e+00,  0.00000e+00, -9.37500e+04, -1.40625e+05,  6.56250e+05,  4.21875e+05,  0.00000e+00,  0.00000e+00],
    [-1.40625e+05,  7.50000e+05, -4.21875e+05,  6.56250e+05,  0.00000e+00,  0.00000e+00,  5.82077e-11, -2.62500e+06,  0.00000e+00, -1.87500e+05,  0.00000e+00,  0.00000e+00,  1.40625e+05,  7.50000e+05,  4.21875e+05,  6.56250e+05,  0.00000e+00,  0.00000e+00],
    [ 6.56250e+05,  4.21875e+05, -1.87500e+05, -2.91038e-11,  6.56250e+05, -4.21875e+05,  1.50000e+06,  0.00000e+00, -5.25000e+06,  5.82077e-11,  1.50000e+06, -2.91038e-11,  6.56250e+05, -4.21875e+05, -1.87500e+05,  2.91038e-11,  6.56250e+05,  4.21875e+05],
    [ 4.21875e+05,  6.56250e+05,  0.00000e+00,  1.50000e+06, -4.21875e+05,  6.56250e+05,  0.00000e+00, -1.87500e+05,  0.00000e+00, -5.25000e+06,  0.00000e+00, -1.87500e+05, -4.21875e+05,  6.56250e+05,  2.91038e-11,  1.50000e+06,  4.21875e+05,  6.56250e+05],
    [ 0.00000e+00,  0.00000e+00,  6.56250e+05,  4.21875e+05, -9.37500e+04, -1.40625e+05,  0.00000e+00,  0.00000e+00,  1.50000e+06,  0.00000e+00, -2.62500e+06, -5.82077e-11,  0.00000e+00,  0.00000e+00,  6.56250e+05, -4.21875e+05, -9.37500e+04,  1.40625e+05],
    [ 0.00000e+00,  0.00000e+00,  4.21875e+05,  6.56250e+05,  1.40625e+05,  7.50000e+05,  0.00000e+00,  0.00000e+00,  0.00000e+00, -1.87500e+05, -5.82077e-11, -2.62500e+06,  0.00000e+00,  0.00000e+00, -4.21875e+05,  6.56250e+05, -1.40625e+05,  7.50000e+05],
    [ 0.00000e+00,  0.00000e+00,  0.00000e+00,  0.00000e+00,  0.00000e+00,  0.00000e+00, -9.37500e+04,  1.40625e+05,  6.56250e+05, -4.21875e+05,  0.00000e+00,  0.00000e+00, -1.31250e+06,  4.21875e+05,  7.50000e+05, -1.40625e+05,  0.00000e+00,  0.00000e+00],
    [ 0.00000e+00,  0.00000e+00,  0.00000e+00,  0.00000e+00,  0.00000e+00,  0.00000e+00, -1.40625e+05,  7.50000e+05, -4.21875e+05,  6.56250e+05,  0.00000e+00,  0.00000e+00,  4.21875e+05, -1.31250e+06,  1.40625e+05, -9.37500e+04,  0.00000e+00,  0.00000e+00],
    [ 0.00000e+00,  0.00000e+00,  0.00000e+00,  0.00000e+00,  0.00000e+00,  0.00000e+00,  6.56250e+05,  4.21875e+05, -1.87500e+05, -2.91038e-11,  6.56250e+05, -4.21875e+05,  7.50000e+05,  1.40625e+05, -2.62500e+06,  0.00000e+00,  7.50000e+05, -1.40625e+05],
    [ 0.00000e+00,  0.00000e+00,  0.00000e+00,  0.00000e+00,  0.00000e+00,  0.00000e+00,  4.21875e+05,  6.56250e+05, -2.91038e-11,  1.50000e+06, -4.21875e+05,  6.56250e+05, -1.40625e+05, -9.37500e+04,  0.00000e+00, -2.62500e+06,  1.40625e+05, -9.37500e+04],
    [ 0.00000e+00,  0.00000e+00,  0.00000e+00,  0.00000e+00,  0.00000e+00,  0.00000e+00,  0.00000e+00,  0.00000e+00,  6.56250e+05,  4.21875e+05, -9.37500e+04, -1.40625e+05,  0.00000e+00,  0.00000e+00,  7.50000e+05,  1.40625e+05, -1.31250e+06, -4.21875e+05],
    [ 0.00000e+00,  0.00000e+00,  0.00000e+00,  0.00000e+00,  0.00000e+00,  0.00000e+00,  0.00000e+00,  0.00000e+00,  4.21875e+05,  6.56250e+05,  1.40625e+05,  7.50000e+05,  0.00000e+00,  0.00000e+00, -1.40625e+05, -9.37500e+04, -4.21875e+05, -1.31250e+06]
  ],
  "_dmat" : "This is the constitutive matrix",
  "dmat" :[
    [ 2.81250e+06,  5.62500e+05,  0.00000e+00],
    [ 5.62500e+05,  2.81250e+06,  0.00000e+00],
    [ 0.00000e+00,  0.00000e+00,  1.12500e+06]
  ],
  "_young" : "Young Modulus",
  "young" :[
    [ 2.70000e+06]
  ],
  "_poiss" : "Poission Ratio",
  "poiss" :[
    [ 2.00000e-01]
  ],
  "_pstrs" : "1 indicate Plane Stress; 0 indicate Plane Strain",
  "pstrs" :[
    [ 1.00000e+00]
  ],
  "_M" : "This is the matrix of the global stiffness matrix",
  "M" :[
  [
    [-1.31250e+06, -4.21875e+05, -9.37500e+04, -1.40625e+05,  6.56250e+05,  4.21875e+05,  7.50000e+05,  1.40625e+05],
    [-4.21875e+05, -1.31250e+06,  1.40625e+05,  7.50000e+05,  4.21875e+05,  6.56250e+05, -1.40625e+05, -9.37500e+04],
    [-9.37500e+04,  1.40625e+05, -1.31250e+06,  4.21875e+05,  7.50000e+05, -1.40625e+05,  6.56250e+05, -4.21875e+05],
    [-1.40625e+05,  7.50000e+05,  4.21875e+05, -1.31250e+06,  1.40625e+05, -9.37500e+04, -4.21875e+05,  6.56250e+05],
    [ 6.56250e+05,  4.21875e+05,  7.50000e+05,  1.40625e+05, -1.31250e+06, -4.21875e+05, -9.37500e+04, -1.40625e+05],
    [ 4.21875e+05,  6.56250e+05, -1.40625e+05, -9.37500e+04, -4.21875e+05, -1.31250e+06,  1.40625e+05,  7.50000e+05],
    [ 7.50000e+05, -1.40625e+05,  6.56250e+05, -4.21875e+05, -9.37500e+04,  1.40625e+05, -1.31250e+06,  4.21875e+05],
    [ 1.40625e+05, -9.37500e+04, -4.21875e+05,  6.56250e+05, -1.40625e+05,  7.50000e+05,  4.21875e+05, -1.31250e+06]
  ],
  [
    [-1.31250e+06, -4.21875e+05, -9.37500e+04, -1.40625e+05,  6.56250e+05,  4.21875e+05,  7.50000e+05,  1.40625e+05],
    [-4.21875e+05, -1.31250e+06,  1.40625e+05,  7.50000e+05,  4.21875e+05,  6.56250e+05, -1.40625e+05, -9.37500e+04],
    [-9.37500e+04,  1.40625e+05, -1.31250e+06,  4.21875e+05,  7.50000e+05, -1.40625e+05,  6.56250e+05, -4.21875e+05],
    [-1.40625e+05,  7.50000e+05,  4.21875e+05, -1.31250e+06,  1.40625e+05, -9.37500e+04, -4.21875e+05,  6.56250e+05],
    [ 6.56250e+05,  4.21875e+05,  7.50000e+05,  1.40625e+05, -1.31250e+06, -4.21875e+05, -9.37500e+04, -1.40625e+05],
    [ 4.21875e+05,  6.56250e+05, -1.40625e+05, -9.37500e+04, -4.21875e+05, -1.31250e+06,  1.40625e+05,  7.50000e+05],
    [ 7.50000e+05, -1.40625e+05,  6.56250e+05, -4.21875e+05, -9.37500e+04,  1.40625e+05, -1.31250e+06,  4.21875e+05],
    [ 1.40625e+05, -9.37500e+04, -4.21875e+05,  6.56250e+05, -1.40625e+05,  7.50000e+05,  4.21875e+05, -1.31250e+06]
  ],
  [
    [-1.31250e+06, -4.21875e+05, -9.37500e+04, -1.40625e+05,  6.56250e+05,  4.21875e+05,  7.50000e+05,  1.40625e+05],
    [-4.21875e+05, -1.31250e+06,  1.40625e+05,  7.50000e+05,  4.21875e+05,  6.56250e+05, -1.40625e+05, -9.37500e+04],
    [-9.37500e+04,  1.40625e+05, -1.31250e+06,  4.21875e+05,  7.50000e+05, -1.40625e+05,  6.56250e+05, -4.21875e+05],
    [-1.40625e+05,  7.50000e+05,  4.21875e+05, -1.31250e+06,  1.40625e+05, -9.37500e+04, -4.21875e+05,  6.56250e+05],
    [ 6.56250e+05,  4.21875e+05,  7.50000e+05,  1.40625e+05, -1.31250e+06, -4.21875e+05, -9.37500e+04, -1.40625e+05],
    [ 4.21875e+05,  6.56250e+05, -1.40625e+05, -9.37500e+04, -4.21875e+05, -1.31250e+06,  1.40625e+05,  7.50000e+05],
    [ 7.50000e+05, -1.40625e+05,  6.56250e+05, -4.21875e+05, -9.37500e+04,  1.40625e+05, -1.31250e+06,  4.21875e+05],
    [ 1.40625e+05, -9.37500e+04, -4.21875e+05,  6.56250e+05, -1.40625e+05,  7.50000e+05,  4.21875e+05, -1.31250e+06]
  ],
  [
    [-1.31250e+06, -4.21875e+05, -9.37500e+04, -1.40625e+05,  6.56250e+05,  4.21875e+05,  7.50000e+05,  1.40625e+05],
    [-4.21875e+05, -1.31250e+06,  1.40625e+05,  7.50000e+05,  4.21875e+05,  6.56250e+05, -1.40625e+05, -9.37500e+04],
    [-9.37500e+04,  1.40625e+05, -1.31250e+06,  4.21875e+05,  7.50000e+05, -1.40625e+05,  6.56250e+05, -4.21875e+05],
    [-1.40625e+05,  7.50000e+05,  4.21875e+05, -1.31250e+06,  1.40625e+05, -9.37500e+04, -4.21875e+05,  6.56250e+05],
    [ 6.56250e+05,  4.21875e+05,  7.50000e+05,  1.40625e+05, -1.31250e+06, -4.21875e+05, -9.37500e+04, -1.40625e+05],
    [ 4.21875e+05,  6.56250e+05, -1.40625e+05, -9.37500e+04, -4.21875e+05, -1.31250e+06,  1.40625e+05,  7.50000e+05],
    [ 7.50000e+05, -1.40625e+05,  6.56250e+05, -4.21875e+05, -9.37500e+04,  1.40625e+05, -1.31250e+06,  4.21875e+05],
    [ 1.40625e+05, -9.37500e+04, -4.21875e+05,  6.56250e+05, -1.40625e+05,  7.50000e+05,  4.21875e+05, -1.31250e+06]
  ]
  ],
  "_f" : "This is the vector of forces",
  "f" :[
    [ 0.00000e+00],
    [ 6.25000e-02],
    [ 0.00000e+00],
    [ 1.25000e-01],
    [ 0.00000e+00],
    [ 6.25000e-02],
    [ 0.00000e+00],
    [ 1.25000e-01],
    [ 0.00000e+00],
    [ 2.50000e-01],
    [ 0.00000e+00],
    [ 1.25000e-01],
    [ 0.00000e+00],
    [ 6.25000e-02],
    [ 0.00000e+00],
    [ 1.25000e-01],
    [ 0.00000e+00],
    [ 6.25000e-02]
  ],
  "_u" : "This is the vector of the displacements",
  "u" :[
    [ 0.00000e+00],
    [-2.47439e+09],
    [-5.76972e-07],
    [-1.48354e+09],
    [-6.52761e-07],
    [-4.92684e+08],
    [-9.90852e+08],
    [-2.47439e+09],
    [-9.90852e+08],
    [-1.48354e+09],
    [-9.90852e+08],
    [-4.92684e+08],
    [-1.98170e+09],
    [-2.47439e+09],
    [-1.98170e+09],
    [-1.48354e+09],
    [-1.98170e+09],
    [-4.92684e+08]
  ],
  "_lcffm" : "SF at Gauss point",
  "lcffm" :[
  [
    [ 6.22008e-01,  1.66667e-01,  4.46582e-02,  1.66667e-01]
  ],
  [
    [ 1.66667e-01,  4.46582e-02,  1.66667e-01,  6.22008e-01]
  ],
  [
    [ 1.66667e-01,  6.22008e-01,  1.66667e-01,  4.46582e-02]
  ],
  [
    [ 4.46582e-02,  1.66667e-01,  6.22008e-01,  1.66667e-01]
  ],
  [
    [ 6.22008e-01,  1.66667e-01,  4.46582e-02,  1.66667e-01]
  ],
  [
    [ 1.66667e-01,  4.46582e-02,  1.66667e-01,  6.22008e-01]
  ],
  [
    [ 1.66667e-01,  6.22008e-01,  1.66667e-01,  4.46582e-02]
  ],
  [
    [ 4.46582e-02,  1.66667e-01,  6.22008e-01,  1.66667e-01]
  ],
  [
    [ 6.22008e-01,  1.66667e-01,  4.46582e-02,  1.66667e-01]
  ],
  [
    [ 1.66667e-01,  4.46582e-02,  1.66667e-01,  6.22008e-01]
  ],
  [
    [ 1.66667e-01,  6.22008e-01,  1.66667e-01,  4.46582e-02]
  ],
  [
    [ 4.46582e-02,  1.66667e-01,  6.22008e-01,  1.66667e-01]
  ],
  [
    [ 6.22008e-01,  1.66667e-01,  4.46582e-02,  1.66667e-01]
  ],
  [
    [ 1.66667e-01,  4.46582e-02,  1.66667e-01,  6.22008e-01]
  ],
  [
    [ 1.66667e-01,  6.22008e-01,  1.66667e-01,  4.46582e-02]
  ],
  [
    [ 4.46582e-02,  1.66667e-01,  6.22008e-01,  1.66667e-01]
  ]
  ],
  "_lcder" : "SF Local derivatives",
  "lcder" :[
  [
    [-3.94338e-01,  3.94338e-01,  1.05662e-01, -1.05662e-01],
    [-3.94338e-01, -1.05662e-01,  1.05662e-01,  3.94338e-01]
  ],
  [
    [-1.05662e-01,  1.05662e-01,  3.94338e-01, -3.94338e-01],
    [-3.94338e-01, -1.05662e-01,  1.05662e-01,  3.94338e-01]
  ],
  [
    [-3.94338e-01,  3.94338e-01,  1.05662e-01, -1.05662e-01],
    [-1.05662e-01, -3.94338e-01,  3.94338e-01,  1.05662e-01]
  ],
  [
    [-1.05662e-01,  1.05662e-01,  3.94338e-01, -3.94338e-01],
    [-1.05662e-01, -3.94338e-01,  3.94338e-01,  1.05662e-01]
  ],
  [
    [-3.94338e-01,  3.94338e-01,  1.05662e-01, -1.05662e-01],
    [-3.94338e-01, -1.05662e-01,  1.05662e-01,  3.94338e-01]
  ],
  [
    [-1.05662e-01,  1.05662e-01,  3.94338e-01, -3.94338e-01],
    [-3.94338e-01, -1.05662e-01,  1.05662e-01,  3.94338e-01]
  ],
  [
    [-3.94338e-01,  3.94338e-01,  1.05662e-01, -1.05662e-01],
    [-1.05662e-01, -3.94338e-01,  3.94338e-01,  1.05662e-01]
  ],
  [
    [-1.05662e-01,  1.05662e-01,  3.94338e-01, -3.94338e-01],
    [-1.05662e-01, -3.94338e-01,  3.94338e-01,  1.05662e-01]
  ],
  [
    [-3.94338e-01,  3.94338e-01,  1.05662e-01, -1.05662e-01],
    [-3.94338e-01, -1.05662e-01,  1.05662e-01,  3.94338e-01]
  ],
  [
    [-1.05662e-01,  1.05662e-01,  3.94338e-01, -3.94338e-01],
    [-3.94338e-01, -1.05662e-01,  1.05662e-01,  3.94338e-01]
  ],
  [
    [-3.94338e-01,  3.94338e-01,  1.05662e-01, -1.05662e-01],
    [-1.05662e-01, -3.94338e-01,  3.94338e-01,  1.05662e-01]
  ],
  [
    [-1.05662e-01,  1.05662e-01,  3.94338e-01, -3.94338e-01],
    [-1.05662e-01, -3.94338e-01,  3.94338e-01,  1.05662e-01]
  ],
  [
    [-3.94338e-01,  3.94338e-01,  1.05662e-01, -1.05662e-01],
    [-3.94338e-01, -1.05662e-01,  1.05662e-01,  3.94338e-01]
  ],
  [
    [-1.05662e-01,  1.05662e-01,  3.94338e-01, -3.94338e-01],
    [-3.94338e-01, -1.05662e-01,  1.05662e-01,  3.94338e-01]
  ],
  [
    [-3.94338e-01,  3.94338e-01,  1.05662e-01, -1.05662e-01],
    [-1.05662e-01, -3.94338e-01,  3.94338e-01,  1.05662e-01]
  ],
  [
    [-1.05662e-01,  1.05662e-01,  3.94338e-01, -3.94338e-01],
    [-1.05662e-01, -3.94338e-01,  3.94338e-01,  1.05662e-01]
  ]
  ],
  "_xjacm" : "Jacobian matrix",
  "xjacm" :[
  [
    [ 0.00000e+00,  2.50000e-01],
    [ 2.50000e-01,  0.00000e+00]
  ],
  [
    [ 0.00000e+00,  2.50000e-01],
    [ 2.50000e-01,  0.00000e+00]
  ],
  [
    [ 0.00000e+00,  2.50000e-01],
    [ 2.50000e-01,  0.00000e+00]
  ],
  [
    [ 0.00000e+00,  2.50000e-01],
    [ 2.50000e-01,  0.00000e+00]
  ],
  [
    [ 0.00000e+00,  2.50000e-01],
    [ 2.50000e-01,  0.00000e+00]
  ],
  [
    [ 0.00000e+00,  2.50000e-01],
    [ 2.50000e-01,  0.00000e+00]
  ],
  [
    [ 0.00000e+00,  2.50000e-01],
    [ 2.50000e-01,  0.00000e+00]
  ],
  [
    [ 0.00000e+00,  2.50000e-01],
    [ 2.50000e-01,  0.00000e+00]
  ],
  [
    [ 0.00000e+00,  2.50000e-01],
    [ 2.50000e-01,  2.77556e-17]
  ],
  [
    [ 0.00000e+00,  2.50000e-01],
    [ 2.50000e-01,  2.77556e-17]
  ],
  [
    [ 0.00000e+00,  2.50000e-01],
    [ 2.50000e-01, -2.77556e-17]
  ],
  [
    [ 0.00000e+00,  2.50000e-01],
    [ 2.50000e-01, -2.77556e-17]
  ],
  [
    [ 0.00000e+00,  2.50000e-01],
    [ 2.50000e-01,  2.77556e-17]
  ],
  [
    [ 0.00000e+00,  2.50000e-01],
    [ 2.50000e-01,  2.77556e-17]
  ],
  [
    [ 0.00000e+00,  2.50000e-01],
    [ 2.50000e-01, -2.77556e-17]
  ],
  [
    [ 0.00000e+00,  2.50000e-01],
    [ 2.50000e-01, -2.77556e-17]
  ]
  ],
  "_ctder" : "SF Cartesian derivates",
  "ctder" :[
  [
    [-1.57735e+00, -4.22650e-01,  4.22650e-01,  1.57735e+00],
    [-1.57735e+00,  1.57735e+00,  4.22650e-01, -4.22650e-01]
  ],
  [
    [-1.57735e+00, -4.22650e-01,  4.22650e-01,  1.57735e+00],
    [-4.22650e-01,  4.22650e-01,  1.57735e+00, -1.57735e+00]
  ],
  [
    [-4.22650e-01, -1.57735e+00,  1.57735e+00,  4.22650e-01],
    [-1.57735e+00,  1.57735e+00,  4.22650e-01, -4.22650e-01]
  ],
  [
    [-4.22650e-01, -1.57735e+00,  1.57735e+00,  4.22650e-01],
    [-4.22650e-01,  4.22650e-01,  1.57735e+00, -1.57735e+00]
  ],
  [
    [-1.57735e+00, -4.22650e-01,  4.22650e-01,  1.57735e+00],
    [-1.57735e+00,  1.57735e+00,  4.22650e-01, -4.22650e-01]
  ],
  [
    [-1.57735e+00, -4.22650e-01,  4.22650e-01,  1.57735e+00],
    [-4.22650e-01,  4.22650e-01,  1.57735e+00, -1.57735e+00]
  ],
  [
    [-4.22650e-01, -1.57735e+00,  1.57735e+00,  4.22650e-01],
    [-1.57735e+00,  1.57735e+00,  4.22650e-01, -4.22650e-01]
  ],
  [
    [-4.22650e-01, -1.57735e+00,  1.57735e+00,  4.22650e-01],
    [-4.22650e-01,  4.22650e-01,  1.57735e+00, -1.57735e+00]
  ],
  [
    [-1.57735e+00, -4.22650e-01,  4.22650e-01,  1.57735e+00],
    [-1.57735e+00,  1.57735e+00,  4.22650e-01, -4.22650e-01]
  ],
  [
    [-1.57735e+00, -4.22650e-01,  4.22650e-01,  1.57735e+00],
    [-4.22650e-01,  4.22650e-01,  1.57735e+00, -1.57735e+00]
  ],
  [
    [-4.22650e-01, -1.57735e+00,  1.57735e+00,  4.22650e-01],
    [-1.57735e+00,  1.57735e+00,  4.22650e-01, -4.22650e-01]
  ],
  [
    [-4.22650e-01, -1.57735e+00,  1.57735e+00,  4.22650e-01],
    [-4.22650e-01,  4.22650e-01,  1.57735e+00, -1.57735e+00]
  ],
  [
    [-1.57735e+00, -4.22650e-01,  4.22650e-01,  1.57735e+00],
    [-1.57735e+00,  1.57735e+00,  4.22650e-01, -4.22650e-01]
  ],
  [
    [-1.57735e+00, -4.22650e-01,  4.22650e-01,  1.57735e+00],
    [-4.22650e-01,  4.22650e-01,  1.57735e+00, -1.57735e+00]
  ],
  [
    [-4.22650e-01, -1.57735e+00,  1.57735e+00,  4.22650e-01],
    [-1.57735e+00,  1.57735e+00,  4.22650e-01, -4.22650e-01]
  ],
  [
    [-4.22650e-01, -1.57735e+00,  1.57735e+00,  4.22650e-01],
    [-4.22650e-01,  4.22650e-01,  1.57735e+00, -1.57735e+00]
  ]
  ],
  "_darea" : "This is the matrix of the global stiffness matrix",
  "darea" :[
  [
    [-6.25000e-02]
  ],
  [
    [-6.25000e-02]
  ],
  [
    [-6.25000e-02]
  ],
  [
    [-6.25000e-02]
  ],
  [
    [-6.25000e-02]
  ],
  [
    [-6.25000e-02]
  ],
  [
    [-6.25000e-02]
  ],
  [
    [-6.25000e-02]
  ],
  [
    [-6.25000e-02]
  ],
  [
    [-6.25000e-02]
  ],
  [
    [-6.25000e-02]
  ],
  [
    [-6.25000e-02]
  ],
  [
    [-6.25000e-02]
  ],
  [
    [-6.25000e-02]
  ],
  [
    [-6.25000e-02]
  ],
  [
    [-6.25000e-02]
  ]
  ],
  "_bmat" : "This is the matrix of the global stiffness matrix",
  "bmat" :[
  [
    [-1.57735e+00,  0.00000e+00, -4.22650e-01,  0.00000e+00,  4.22650e-01,  0.00000e+00,  1.57735e+00,  0.00000e+00],
    [ 0.00000e+00, -1.57735e+00,  0.00000e+00,  1.57735e+00,  0.00000e+00,  4.22650e-01,  0.00000e+00, -4.22650e-01],
    [-1.57735e+00, -1.57735e+00,  1.57735e+00, -4.22650e-01,  4.22650e-01,  4.22650e-01, -4.22650e-01,  1.57735e+00]
  ],
  [
    [-1.57735e+00,  0.00000e+00, -4.22650e-01,  0.00000e+00,  4.22650e-01,  0.00000e+00,  1.57735e+00,  0.00000e+00],
    [ 0.00000e+00, -4.22650e-01,  0.00000e+00,  4.22650e-01,  0.00000e+00,  1.57735e+00,  0.00000e+00, -1.57735e+00],
    [-4.22650e-01, -1.57735e+00,  4.22650e-01, -4.22650e-01,  1.57735e+00,  4.22650e-01, -1.57735e+00,  1.57735e+00]
  ],
  [
    [-4.22650e-01,  0.00000e+00, -1.57735e+00,  0.00000e+00,  1.57735e+00,  0.00000e+00,  4.22650e-01,  0.00000e+00],
    [ 0.00000e+00, -1.57735e+00,  0.00000e+00,  1.57735e+00,  0.00000e+00,  4.22650e-01,  0.00000e+00, -4.22650e-01],
    [-1.57735e+00, -4.22650e-01,  1.57735e+00, -1.57735e+00,  4.22650e-01,  1.57735e+00, -4.22650e-01,  4.22650e-01]
  ],
  [
    [-4.22650e-01,  0.00000e+00, -1.57735e+00,  0.00000e+00,  1.57735e+00,  0.00000e+00,  4.22650e-01,  0.00000e+00],
    [ 0.00000e+00, -4.22650e-01,  0.00000e+00,  4.22650e-01,  0.00000e+00,  1.57735e+00,  0.00000e+00, -1.57735e+00],
    [-4.22650e-01, -4.22650e-01,  4.22650e-01, -1.57735e+00,  1.57735e+00,  1.57735e+00, -1.57735e+00,  4.22650e-01]
  ],
  [
    [-1.57735e+00,  0.00000e+00, -4.22650e-01,  0.00000e+00,  4.22650e-01,  0.00000e+00,  1.57735e+00,  0.00000e+00],
    [ 0.00000e+00, -1.57735e+00,  0.00000e+00,  1.57735e+00,  0.00000e+00,  4.22650e-01,  0.00000e+00, -4.22650e-01],
    [-1.57735e+00, -1.57735e+00,  1.57735e+00, -4.22650e-01,  4.22650e-01,  4.22650e-01, -4.22650e-01,  1.57735e+00]
  ],
  [
    [-1.57735e+00,  0.00000e+00, -4.22650e-01,  0.00000e+00,  4.22650e-01,  0.00000e+00,  1.57735e+00,  0.00000e+00],
    [ 0.00000e+00, -4.22650e-01,  0.00000e+00,  4.22650e-01,  0.00000e+00,  1.57735e+00,  0.00000e+00, -1.57735e+00],
    [-4.22650e-01, -1.57735e+00,  4.22650e-01, -4.22650e-01,  1.57735e+00,  4.22650e-01, -1.57735e+00,  1.57735e+00]
  ],
  [
    [-4.22650e-01,  0.00000e+00, -1.57735e+00,  0.00000e+00,  1.57735e+00,  0.00000e+00,  4.22650e-01,  0.00000e+00],
    [ 0.00000e+00, -1.57735e+00,  0.00000e+00,  1.57735e+00,  0.00000e+00,  4.22650e-01,  0.00000e+00, -4.22650e-01],
    [-1.57735e+00, -4.22650e-01,  1.57735e+00, -1.57735e+00,  4.22650e-01,  1.57735e+00, -4.22650e-01,  4.22650e-01]
  ],
  [
    [-4.22650e-01,  0.00000e+00, -1.57735e+00,  0.00000e+00,  1.57735e+00,  0.00000e+00,  4.22650e-01,  0.00000e+00],
    [ 0.00000e+00, -4.22650e-01,  0.00000e+00,  4.22650e-01,  0.00000e+00,  1.57735e+00,  0.00000e+00, -1.57735e+00],
    [-4.22650e-01, -4.22650e-01,  4.22650e-01, -1.57735e+00,  1.57735e+00,  1.57735e+00, -1.57735e+00,  4.22650e-01]
  ],
  [
    [-1.57735e+00,  0.00000e+00, -4.22650e-01,  0.00000e+00,  4.22650e-01,  0.00000e+00,  1.57735e+00,  0.00000e+00],
    [ 0.00000e+00, -1.57735e+00,  0.00000e+00,  1.57735e+00,  0.00000e+00,  4.22650e-01,  0.00000e+00, -4.22650e-01],
    [-1.57735e+00, -1.57735e+00,  1.57735e+00, -4.22650e-01,  4.22650e-01,  4.22650e-01, -4.22650e-01,  1.57735e+00]
  ],
  [
    [-1.57735e+00,  0.00000e+00, -4.22650e-01,  0.00000e+00,  4.22650e-01,  0.00000e+00,  1.57735e+00,  0.00000e+00],
    [ 0.00000e+00, -4.22650e-01,  0.00000e+00,  4.22650e-01,  0.00000e+00,  1.57735e+00,  0.00000e+00, -1.57735e+00],
    [-4.22650e-01, -1.57735e+00,  4.22650e-01, -4.22650e-01,  1.57735e+00,  4.22650e-01, -1.57735e+00,  1.57735e+00]
  ],
  [
    [-4.22650e-01,  0.00000e+00, -1.57735e+00,  0.00000e+00,  1.57735e+00,  0.00000e+00,  4.22650e-01,  0.00000e+00],
    [ 0.00000e+00, -1.57735e+00,  0.00000e+00,  1.57735e+00,  0.00000e+00,  4.22650e-01,  0.00000e+00, -4.22650e-01],
    [-1.57735e+00, -4.22650e-01,  1.57735e+00, -1.57735e+00,  4.22650e-01,  1.57735e+00, -4.22650e-01,  4.22650e-01]
  ],
  [
    [-4.22650e-01,  0.00000e+00, -1.57735e+00,  0.00000e+00,  1.57735e+00,  0.00000e+00,  4.22650e-01,  0.00000e+00],
    [ 0.00000e+00, -4.22650e-01,  0.00000e+00,  4.22650e-01,  0.00000e+00,  1.57735e+00,  0.00000e+00, -1.57735e+00],
    [-4.22650e-01, -4.22650e-01,  4.22650e-01, -1.57735e+00,  1.57735e+00,  1.57735e+00, -1.57735e+00,  4.22650e-01]
  ],
  [
    [-1.57735e+00,  0.00000e+00, -4.22650e-01,  0.00000e+00,  4.22650e-01,  0.00000e+00,  1.57735e+00,  0.00000e+00],
    [ 0.00000e+00, -1.57735e+00,  0.00000e+00,  1.57735e+00,  0.00000e+00,  4.22650e-01,  0.00000e+00, -4.22650e-01],
    [-1.57735e+00, -1.57735e+00,  1.57735e+00, -4.22650e-01,  4.22650e-01,  4.22650e-01, -4.22650e-01,  1.57735e+00]
  ],
  [
    [-1.57735e+00,  0.00000e+00, -4.22650e-01,  0.00000e+00,  4.22650e-01,  0.00000e+00,  1.57735e+00,  0.00000e+00],
    [ 0.00000e+00, -4.22650e-01,  0.00000e+00,  4.22650e-01,  0.00000e+00,  1.57735e+00,  0.00000e+00, -1.57735e+00],
    [-4.22650e-01, -1.57735e+00,  4.22650e-01, -4.22650e-01,  1.57735e+00,  4.22650e-01, -1.57735e+00,  1.57735e+00]
  ],
  [
    [-4.22650e-01,  0.00000e+00, -1.57735e+00,  0.00000e+00,  1.57735e+00,  0.00000e+00,  4.22650e-01,  0.00000e+00],
    [ 0.00000e+00, -1.57735e+00,  0.00000e+00,  1.57735e+00,  0.00000e+00,  4.22650e-01,  0.00000e+00, -4.22650e-01],
    [-1.57735e+00, -4.22650e-01,  1.57735e+00, -1.57735e+00,  4.22650e-01,  1.57735e+00, -4.22650e-01,  4.22650e-01]
  ],
  [
    [-4.22650e-01,  0.00000e+00, -1.57735e+00,  0.00000e+00,  1.57735e+00,  0.00000e+00,  4.22650e-01,  0.00000e+00],
    [ 0.00000e+00, -4.22650e-01,  0.00000e+00,  4.22650e-01,  0.00000e+00,  1.57735e+00,  0.00000e+00, -1.57735e+00],
    [-4.22650e-01, -4.22650e-01,  4.22650e-01, -1.57735e+00,  1.57735e+00,  1.57735e+00, -1.57735e+00,  4.22650e-01]
  ]
  ],
};