var G_CURRENT_ELEMENTAL_DATA = {
  "_stiffness_matrix" : "This is the matrix of the global stiffness matrix",
  "stiffness_matrix" :[
    [-1.25000e+07, -4.68750e+06,  1.24999e+06,  9.37500e+05,  0.00000e+00,  0.00000e+00,  0.00000e+00,  0.00000e+00,  5.00002e+06, -9.37500e+05,  6.25000e+06,  4.68750e+06,  0.00000e+00,  0.00000e+00,  0.00000e+00,  0.00000e+00,  0.00000e+00,  0.00000e+00,  0.00000e+00,  0.00000e+00,  0.00000e+00,  0.00000e+00,  0.00000e+00,  0.00000e+00,  0.00000e+00,  0.00000e+00,  0.00000e+00,  0.00000e+00,  0.00000e+00,  0.00000e+00,  0.00000e+00,  0.00000e+00],
    [-4.68750e+06, -2.18750e+07, -9.37500e+05, -8.12502e+06,  0.00000e+00,  0.00000e+00,  0.00000e+00,  0.00000e+00,  9.37500e+05,  1.90625e+07,  4.68750e+06,  1.09375e+07,  0.00000e+00,  0.00000e+00,  0.00000e+00,  0.00000e+00,  0.00000e+00,  0.00000e+00,  0.00000e+00,  0.00000e+00,  0.00000e+00,  0.00000e+00,  0.00000e+00,  0.00000e+00,  0.00000e+00,  0.00000e+00,  0.00000e+00,  0.00000e+00,  0.00000e+00,  0.00000e+00,  0.00000e+00,  0.00000e+00],
    [ 1.24999e+06, -9.37500e+05, -2.50000e+07,  0.00000e+00,  1.25004e+06,  9.37500e+05,  0.00000e+00,  0.00000e+00,  6.25000e+06, -4.68750e+06,  9.99997e+06, -4.65661e-10,  6.24999e+06,  4.68750e+06,  0.00000e+00,  0.00000e+00,  0.00000e+00,  0.00000e+00,  0.00000e+00,  0.00000e+00,  0.00000e+00,  0.00000e+00,  0.00000e+00,  0.00000e+00,  0.00000e+00,  0.00000e+00,  0.00000e+00,  0.00000e+00,  0.00000e+00,  0.00000e+00,  0.00000e+00,  0.00000e+00],
    [ 9.37500e+05, -8.12502e+06,  0.00000e+00, -4.37499e+07, -9.37500e+05, -8.12495e+06,  0.00000e+00,  0.00000e+00, -4.68750e+06,  1.09375e+07, -3.49246e-10,  3.81249e+07,  4.68750e+06,  1.09375e+07,  0.00000e+00,  0.00000e+00,  0.00000e+00,  0.00000e+00,  0.00000e+00,  0.00000e+00,  0.00000e+00,  0.00000e+00,  0.00000e+00,  0.00000e+00,  0.00000e+00,  0.00000e+00,  0.00000e+00,  0.00000e+00,  0.00000e+00,  0.00000e+00,  0.00000e+00,  0.00000e+00],
    [ 0.00000e+00,  0.00000e+00,  1.25004e+06, -9.37500e+05, -2.50000e+07,  9.31323e-10,  1.24995e+06,  9.37500e+05,  0.00000e+00,  0.00000e+00,  6.24999e+06, -4.68750e+06,  1.00000e+07,  4.65661e-10,  6.25001e+06,  4.68750e+06,  0.00000e+00,  0.00000e+00,  0.00000e+00,  0.00000e+00,  0.00000e+00,  0.00000e+00,  0.00000e+00,  0.00000e+00,  0.00000e+00,  0.00000e+00,  0.00000e+00,  0.00000e+00,  0.00000e+00,  0.00000e+00,  0.00000e+00,  0.00000e+00],
    [ 0.00000e+00,  0.00000e+00,  9.37500e+05, -8.12495e+06,  9.31323e-10, -4.37500e+07, -9.37500e+05, -8.12507e+06,  0.00000e+00,  0.00000e+00, -4.68750e+06,  1.09375e+07, -2.32831e-10,  3.81250e+07,  4.68750e+06,  1.09376e+07,  0.00000e+00,  0.00000e+00,  0.00000e+00,  0.00000e+00,  0.00000e+00,  0.00000e+00,  0.00000e+00,  0.00000e+00,  0.00000e+00,  0.00000e+00,  0.00000e+00,  0.00000e+00,  0.00000e+00,  0.00000e+00,  0.00000e+00,  0.00000e+00],
    [ 0.00000e+00,  0.00000e+00,  0.00000e+00,  0.00000e+00,  1.24995e+06, -9.37500e+05, -1.25000e+07,  4.68750e+06,  0.00000e+00,  0.00000e+00,  0.00000e+00,  0.00000e+00,  6.25001e+06, -4.68750e+06,  5.00006e+06,  9.37500e+05,  0.00000e+00,  0.00000e+00,  0.00000e+00,  0.00000e+00,  0.00000e+00,  0.00000e+00,  0.00000e+00,  0.00000e+00,  0.00000e+00,  0.00000e+00,  0.00000e+00,  0.00000e+00,  0.00000e+00,  0.00000e+00,  0.00000e+00,  0.00000e+00],
    [ 0.00000e+00,  0.00000e+00,  0.00000e+00,  0.00000e+00,  9.37500e+05, -8.12507e+06,  4.68750e+06, -2.18751e+07,  0.00000e+00,  0.00000e+00,  0.00000e+00,  0.00000e+00, -4.68750e+06,  1.09376e+07, -9.37500e+05,  1.90626e+07,  0.00000e+00,  0.00000e+00,  0.00000e+00,  0.00000e+00,  0.00000e+00,  0.00000e+00,  0.00000e+00,  0.00000e+00,  0.00000e+00,  0.00000e+00,  0.00000e+00,  0.00000e+00,  0.00000e+00,  0.00000e+00,  0.00000e+00,  0.00000e+00],
    [ 5.00002e+06,  9.37500e+05,  6.25000e+06, -4.68750e+06,  0.00000e+00,  0.00000e+00,  0.00000e+00,  0.00000e+00, -2.50000e+07,  9.31323e-10,  2.50000e+06, -1.16415e-10,  0.00000e+00,  0.00000e+00,  0.00000e+00,  0.00000e+00,  4.99999e+06, -9.37500e+05,  6.25000e+06,  4.68750e+06,  0.00000e+00,  0.00000e+00,  0.00000e+00,  0.00000e+00,  0.00000e+00,  0.00000e+00,  0.00000e+00,  0.00000e+00,  0.00000e+00,  0.00000e+00,  0.00000e+00,  0.00000e+00],
    [-9.37500e+05,  1.90625e+07, -4.68750e+06,  1.09375e+07,  0.00000e+00,  0.00000e+00,  0.00000e+00,  0.00000e+00,  9.31323e-10, -4.37500e+07,  2.32831e-10, -1.62500e+07,  0.00000e+00,  0.00000e+00,  0.00000e+00,  0.00000e+00,  9.37500e+05,  1.90625e+07,  4.68750e+06,  1.09375e+07,  0.00000e+00,  0.00000e+00,  0.00000e+00,  0.00000e+00,  0.00000e+00,  0.00000e+00,  0.00000e+00,  0.00000e+00,  0.00000e+00,  0.00000e+00,  0.00000e+00,  0.00000e+00],
    [ 6.25000e+06,  4.68750e+06,  9.99997e+06,  6.98492e-10,  6.24999e+06, -4.68750e+06,  0.00000e+00,  0.00000e+00,  2.50000e+06,  1.16415e-10, -5.00000e+07,  1.86265e-09,  2.50011e+06, -4.65661e-10,  0.00000e+00,  0.00000e+00,  6.25000e+06, -4.68750e+06,  9.99991e+06,  0.00000e+00,  6.24999e+06,  4.68750e+06,  0.00000e+00,  0.00000e+00,  0.00000e+00,  0.00000e+00,  0.00000e+00,  0.00000e+00,  0.00000e+00,  0.00000e+00,  0.00000e+00,  0.00000e+00],
    [ 4.68750e+06,  1.09375e+07,  0.00000e+00,  3.81249e+07, -4.68750e+06,  1.09375e+07,  0.00000e+00,  0.00000e+00, -2.32831e-10, -1.62500e+07,  9.31323e-10, -8.74998e+07, -2.32831e-10, -1.62499e+07,  0.00000e+00,  0.00000e+00, -4.68750e+06,  1.09375e+07, -1.16415e-10,  3.81248e+07,  4.68750e+06,  1.09374e+07,  0.00000e+00,  0.00000e+00,  0.00000e+00,  0.00000e+00,  0.00000e+00,  0.00000e+00,  0.00000e+00,  0.00000e+00,  0.00000e+00,  0.00000e+00],
    [ 0.00000e+00,  0.00000e+00,  6.24999e+06,  4.68750e+06,  1.00000e+07, -3.49246e-10,  6.25001e+06, -4.68750e+06,  0.00000e+00,  0.00000e+00,  2.50011e+06,  4.65661e-10, -5.00000e+07, -9.31323e-10,  2.49992e+06,  1.16415e-10,  0.00000e+00,  0.00000e+00,  6.24999e+06, -4.68750e+06,  9.99995e+06,  0.00000e+00,  6.25000e+06,  4.68750e+06,  0.00000e+00,  0.00000e+00,  0.00000e+00,  0.00000e+00,  0.00000e+00,  0.00000e+00,  0.00000e+00,  0.00000e+00],
    [ 0.00000e+00,  0.00000e+00,  4.68750e+06,  1.09375e+07,  2.32831e-10,  3.81250e+07, -4.68750e+06,  1.09376e+07,  0.00000e+00,  0.00000e+00,  0.00000e+00, -1.62499e+07, -9.31323e-10, -8.74999e+07, -3.49246e-10, -1.62501e+07,  0.00000e+00,  0.00000e+00, -4.68750e+06,  1.09374e+07,  3.49246e-10,  3.81249e+07,  4.68750e+06,  1.09375e+07,  0.00000e+00,  0.00000e+00,  0.00000e+00,  0.00000e+00,  0.00000e+00,  0.00000e+00,  0.00000e+00,  0.00000e+00],
    [ 0.00000e+00,  0.00000e+00,  0.00000e+00,  0.00000e+00,  6.25001e+06,  4.68750e+06,  5.00006e+06, -9.37500e+05,  0.00000e+00,  0.00000e+00,  0.00000e+00,  0.00000e+00,  2.49992e+06, -3.49246e-10, -2.50000e+07,  0.00000e+00,  0.00000e+00,  0.00000e+00,  0.00000e+00,  0.00000e+00,  6.25000e+06, -4.68750e+06,  5.00003e+06,  9.37500e+05,  0.00000e+00,  0.00000e+00,  0.00000e+00,  0.00000e+00,  0.00000e+00,  0.00000e+00,  0.00000e+00,  0.00000e+00],
    [ 0.00000e+00,  0.00000e+00,  0.00000e+00,  0.00000e+00,  4.68750e+06,  1.09376e+07,  9.37500e+05,  1.90626e+07,  0.00000e+00,  0.00000e+00,  0.00000e+00,  0.00000e+00,  1.16415e-10, -1.62501e+07,  0.00000e+00, -4.37502e+07,  0.00000e+00,  0.00000e+00,  0.00000e+00,  0.00000e+00, -4.68750e+06,  1.09375e+07, -9.37500e+05,  1.90626e+07,  0.00000e+00,  0.00000e+00,  0.00000e+00,  0.00000e+00,  0.00000e+00,  0.00000e+00,  0.00000e+00,  0.00000e+00],
    [ 0.00000e+00,  0.00000e+00,  0.00000e+00,  0.00000e+00,  0.00000e+00,  0.00000e+00,  0.00000e+00,  0.00000e+00,  4.99999e+06,  9.37500e+05,  6.25000e+06, -4.68750e+06,  0.00000e+00,  0.00000e+00,  0.00000e+00,  0.00000e+00, -2.50000e+07,  0.00000e+00,  2.50000e+06,  0.00000e+00,  0.00000e+00,  0.00000e+00,  0.00000e+00,  0.00000e+00,  5.00002e+06, -9.37500e+05,  6.25000e+06,  4.68750e+06,  0.00000e+00,  0.00000e+00,  0.00000e+00,  0.00000e+00],
    [ 0.00000e+00,  0.00000e+00,  0.00000e+00,  0.00000e+00,  0.00000e+00,  0.00000e+00,  0.00000e+00,  0.00000e+00, -9.37500e+05,  1.90625e+07, -4.68750e+06,  1.09375e+07,  0.00000e+00,  0.00000e+00,  0.00000e+00,  0.00000e+00, -9.31323e-10, -4.37500e+07, -1.16415e-10, -1.62500e+07,  0.00000e+00,  0.00000e+00,  0.00000e+00,  0.00000e+00,  9.37500e+05,  1.90625e+07,  4.68750e+06,  1.09375e+07,  0.00000e+00,  0.00000e+00,  0.00000e+00,  0.00000e+00],
    [ 0.00000e+00,  0.00000e+00,  0.00000e+00,  0.00000e+00,  0.00000e+00,  0.00000e+00,  0.00000e+00,  0.00000e+00,  6.25000e+06,  4.68750e+06,  9.99991e+06, -1.16415e-10,  6.24999e+06, -4.68750e+06,  0.00000e+00,  0.00000e+00,  2.50000e+06, -2.32831e-10, -5.00000e+07, -9.31323e-10,  2.50011e+06,  5.82077e-10,  0.00000e+00,  0.00000e+00,  6.25000e+06, -4.68750e+06,  9.99997e+06, -4.65661e-10,  6.24999e+06,  4.68750e+06,  0.00000e+00,  0.00000e+00],
    [ 0.00000e+00,  0.00000e+00,  0.00000e+00,  0.00000e+00,  0.00000e+00,  0.00000e+00,  0.00000e+00,  0.00000e+00,  4.68750e+06,  1.09375e+07,  1.16415e-10,  3.81248e+07, -4.68750e+06,  1.09374e+07,  0.00000e+00,  0.00000e+00,  1.16415e-10, -1.62500e+07,  0.00000e+00, -8.74998e+07,  1.16415e-10, -1.62499e+07,  0.00000e+00,  0.00000e+00, -4.68750e+06,  1.09375e+07, -3.49246e-10,  3.81249e+07,  4.68750e+06,  1.09375e+07,  0.00000e+00,  0.00000e+00],
    [ 0.00000e+00,  0.00000e+00,  0.00000e+00,  0.00000e+00,  0.00000e+00,  0.00000e+00,  0.00000e+00,  0.00000e+00,  0.00000e+00,  0.00000e+00,  6.24999e+06,  4.68750e+06,  9.99995e+06,  3.49246e-10,  6.25000e+06, -4.68750e+06,  0.00000e+00,  0.00000e+00,  2.50011e+06, -4.65661e-10, -5.00000e+07,  1.86265e-09,  2.49992e+06, -3.49246e-10,  0.00000e+00,  0.00000e+00,  6.24999e+06, -4.68750e+06,  1.00000e+07,  4.65661e-10,  6.25001e+06,  4.68750e+06],
    [ 0.00000e+00,  0.00000e+00,  0.00000e+00,  0.00000e+00,  0.00000e+00,  0.00000e+00,  0.00000e+00,  0.00000e+00,  0.00000e+00,  0.00000e+00,  4.68750e+06,  1.09374e+07, -3.49246e-10,  3.81249e+07, -4.68750e+06,  1.09375e+07,  0.00000e+00,  0.00000e+00, -1.16415e-10, -1.62499e+07,  9.31323e-10, -8.74999e+07,  3.49246e-10, -1.62501e+07,  0.00000e+00,  0.00000e+00, -4.68750e+06,  1.09375e+07, -2.32831e-10,  3.81250e+07,  4.68750e+06,  1.09376e+07],
    [ 0.00000e+00,  0.00000e+00,  0.00000e+00,  0.00000e+00,  0.00000e+00,  0.00000e+00,  0.00000e+00,  0.00000e+00,  0.00000e+00,  0.00000e+00,  0.00000e+00,  0.00000e+00,  6.25000e+06,  4.68750e+06,  5.00003e+06, -9.37500e+05,  0.00000e+00,  0.00000e+00,  0.00000e+00,  0.00000e+00,  2.49992e+06,  3.49246e-10, -2.50000e+07,  0.00000e+00,  0.00000e+00,  0.00000e+00,  0.00000e+00,  0.00000e+00,  6.25001e+06, -4.68750e+06,  5.00006e+06,  9.37500e+05],
    [ 0.00000e+00,  0.00000e+00,  0.00000e+00,  0.00000e+00,  0.00000e+00,  0.00000e+00,  0.00000e+00,  0.00000e+00,  0.00000e+00,  0.00000e+00,  0.00000e+00,  0.00000e+00,  4.68750e+06,  1.09375e+07,  9.37500e+05,  1.90626e+07,  0.00000e+00,  0.00000e+00,  0.00000e+00,  0.00000e+00, -3.49246e-10, -1.62501e+07,  0.00000e+00, -4.37502e+07,  0.00000e+00,  0.00000e+00,  0.00000e+00,  0.00000e+00, -4.68750e+06,  1.09376e+07, -9.37500e+05,  1.90626e+07],
    [ 0.00000e+00,  0.00000e+00,  0.00000e+00,  0.00000e+00,  0.00000e+00,  0.00000e+00,  0.00000e+00,  0.00000e+00,  0.00000e+00,  0.00000e+00,  0.00000e+00,  0.00000e+00,  0.00000e+00,  0.00000e+00,  0.00000e+00,  0.00000e+00,  5.00002e+06,  9.37500e+05,  6.25000e+06, -4.68750e+06,  0.00000e+00,  0.00000e+00,  0.00000e+00,  0.00000e+00, -1.25000e+07,  4.68750e+06,  1.24999e+06, -9.37500e+05,  0.00000e+00,  0.00000e+00,  0.00000e+00,  0.00000e+00],
    [ 0.00000e+00,  0.00000e+00,  0.00000e+00,  0.00000e+00,  0.00000e+00,  0.00000e+00,  0.00000e+00,  0.00000e+00,  0.00000e+00,  0.00000e+00,  0.00000e+00,  0.00000e+00,  0.00000e+00,  0.00000e+00,  0.00000e+00,  0.00000e+00, -9.37500e+05,  1.90625e+07, -4.68750e+06,  1.09375e+07,  0.00000e+00,  0.00000e+00,  0.00000e+00,  0.00000e+00,  4.68750e+06, -2.18750e+07,  9.37500e+05, -8.12502e+06,  0.00000e+00,  0.00000e+00,  0.00000e+00,  0.00000e+00],
    [ 0.00000e+00,  0.00000e+00,  0.00000e+00,  0.00000e+00,  0.00000e+00,  0.00000e+00,  0.00000e+00,  0.00000e+00,  0.00000e+00,  0.00000e+00,  0.00000e+00,  0.00000e+00,  0.00000e+00,  0.00000e+00,  0.00000e+00,  0.00000e+00,  6.25000e+06,  4.68750e+06,  9.99997e+06,  6.98492e-10,  6.24999e+06, -4.68750e+06,  0.00000e+00,  0.00000e+00,  1.24999e+06,  9.37500e+05, -2.50000e+07,  9.31323e-10,  1.25004e+06, -9.37500e+05,  0.00000e+00,  0.00000e+00],
    [ 0.00000e+00,  0.00000e+00,  0.00000e+00,  0.00000e+00,  0.00000e+00,  0.00000e+00,  0.00000e+00,  0.00000e+00,  0.00000e+00,  0.00000e+00,  0.00000e+00,  0.00000e+00,  0.00000e+00,  0.00000e+00,  0.00000e+00,  0.00000e+00,  4.68750e+06,  1.09375e+07,  0.00000e+00,  3.81249e+07, -4.68750e+06,  1.09375e+07,  0.00000e+00,  0.00000e+00, -9.37500e+05, -8.12502e+06,  9.31323e-10, -4.37499e+07,  9.37500e+05, -8.12495e+06,  0.00000e+00,  0.00000e+00],
    [ 0.00000e+00,  0.00000e+00,  0.00000e+00,  0.00000e+00,  0.00000e+00,  0.00000e+00,  0.00000e+00,  0.00000e+00,  0.00000e+00,  0.00000e+00,  0.00000e+00,  0.00000e+00,  0.00000e+00,  0.00000e+00,  0.00000e+00,  0.00000e+00,  0.00000e+00,  0.00000e+00,  6.24999e+06,  4.68750e+06,  1.00000e+07, -3.49246e-10,  6.25001e+06, -4.68750e+06,  0.00000e+00,  0.00000e+00,  1.25004e+06,  9.37500e+05, -2.50000e+07,  0.00000e+00,  1.24995e+06, -9.37500e+05],
    [ 0.00000e+00,  0.00000e+00,  0.00000e+00,  0.00000e+00,  0.00000e+00,  0.00000e+00,  0.00000e+00,  0.00000e+00,  0.00000e+00,  0.00000e+00,  0.00000e+00,  0.00000e+00,  0.00000e+00,  0.00000e+00,  0.00000e+00,  0.00000e+00,  0.00000e+00,  0.00000e+00,  4.68750e+06,  1.09375e+07,  2.32831e-10,  3.81250e+07, -4.68750e+06,  1.09376e+07,  0.00000e+00,  0.00000e+00, -9.37500e+05, -8.12495e+06, -9.31323e-10, -4.37500e+07,  9.37500e+05, -8.12507e+06],
    [ 0.00000e+00,  0.00000e+00,  0.00000e+00,  0.00000e+00,  0.00000e+00,  0.00000e+00,  0.00000e+00,  0.00000e+00,  0.00000e+00,  0.00000e+00,  0.00000e+00,  0.00000e+00,  0.00000e+00,  0.00000e+00,  0.00000e+00,  0.00000e+00,  0.00000e+00,  0.00000e+00,  0.00000e+00,  0.00000e+00,  6.25001e+06,  4.68750e+06,  5.00006e+06, -9.37500e+05,  0.00000e+00,  0.00000e+00,  0.00000e+00,  0.00000e+00,  1.24995e+06,  9.37500e+05, -1.25000e+07, -4.68750e+06],
    [ 0.00000e+00,  0.00000e+00,  0.00000e+00,  0.00000e+00,  0.00000e+00,  0.00000e+00,  0.00000e+00,  0.00000e+00,  0.00000e+00,  0.00000e+00,  0.00000e+00,  0.00000e+00,  0.00000e+00,  0.00000e+00,  0.00000e+00,  0.00000e+00,  0.00000e+00,  0.00000e+00,  0.00000e+00,  0.00000e+00,  4.68750e+06,  1.09376e+07,  9.37500e+05,  1.90626e+07,  0.00000e+00,  0.00000e+00,  0.00000e+00,  0.00000e+00, -9.37500e+05, -8.12507e+06, -4.68750e+06, -2.18751e+07]
  ],
  "_M" : "This is the matrix of the global stiffness matrix",
  "M" :[
  [
    [-1.25000e+07, -4.68750e+06,  5.00002e+06, -9.37500e+05,  6.25000e+06,  4.68750e+06,  1.24999e+06,  9.37500e+05],
    [-4.68750e+06, -2.18750e+07,  9.37500e+05,  1.90625e+07,  4.68750e+06,  1.09375e+07, -9.37500e+05, -8.12502e+06],
    [ 5.00002e+06,  9.37500e+05, -1.25000e+07,  4.68750e+06,  1.24999e+06, -9.37500e+05,  6.25000e+06, -4.68750e+06],
    [-9.37500e+05,  1.90625e+07,  4.68750e+06, -2.18750e+07,  9.37500e+05, -8.12502e+06, -4.68750e+06,  1.09375e+07],
    [ 6.25000e+06,  4.68750e+06,  1.24999e+06,  9.37500e+05, -1.25000e+07, -4.68750e+06,  5.00002e+06, -9.37500e+05],
    [ 4.68750e+06,  1.09375e+07, -9.37500e+05, -8.12502e+06, -4.68750e+06, -2.18750e+07,  9.37500e+05,  1.90625e+07],
    [ 1.24999e+06, -9.37500e+05,  6.25000e+06, -4.68750e+06,  5.00002e+06,  9.37500e+05, -1.25000e+07,  4.68750e+06],
    [ 9.37500e+05, -8.12502e+06, -4.68750e+06,  1.09375e+07, -9.37500e+05,  1.90625e+07,  4.68750e+06, -2.18750e+07]
  ],
  [
    [-1.25000e+07, -4.68750e+06,  4.99995e+06, -9.37500e+05,  6.24999e+06,  4.68750e+06,  1.25004e+06,  9.37500e+05],
    [-4.68750e+06, -2.18749e+07,  9.37500e+05,  1.90624e+07,  4.68750e+06,  1.09375e+07, -9.37500e+05, -8.12495e+06],
    [ 4.99995e+06,  9.37500e+05, -1.25000e+07,  4.68750e+06,  1.25004e+06, -9.37500e+05,  6.24999e+06, -4.68750e+06],
    [-9.37500e+05,  1.90624e+07,  4.68750e+06, -2.18749e+07,  9.37500e+05, -8.12495e+06, -4.68750e+06,  1.09375e+07],
    [ 6.24999e+06,  4.68750e+06,  1.25004e+06,  9.37500e+05, -1.25000e+07, -4.68750e+06,  4.99995e+06, -9.37500e+05],
    [ 4.68750e+06,  1.09375e+07, -9.37500e+05, -8.12495e+06, -4.68750e+06, -2.18749e+07,  9.37500e+05,  1.90624e+07],
    [ 1.25004e+06, -9.37500e+05,  6.24999e+06, -4.68750e+06,  4.99995e+06,  9.37500e+05, -1.25000e+07,  4.68750e+06],
    [ 9.37500e+05, -8.12495e+06, -4.68750e+06,  1.09375e+07, -9.37500e+05,  1.90624e+07,  4.68750e+06, -2.18749e+07]
  ],
  [
    [-1.25000e+07, -4.68750e+06,  5.00006e+06, -9.37500e+05,  6.25001e+06,  4.68750e+06,  1.24995e+06,  9.37500e+05],
    [-4.68750e+06, -2.18751e+07,  9.37500e+05,  1.90626e+07,  4.68750e+06,  1.09376e+07, -9.37500e+05, -8.12507e+06],
    [ 5.00006e+06,  9.37500e+05, -1.25000e+07,  4.68750e+06,  1.24995e+06, -9.37500e+05,  6.25001e+06, -4.68750e+06],
    [-9.37500e+05,  1.90626e+07,  4.68750e+06, -2.18751e+07,  9.37500e+05, -8.12507e+06, -4.68750e+06,  1.09376e+07],
    [ 6.25001e+06,  4.68750e+06,  1.24995e+06,  9.37500e+05, -1.25000e+07, -4.68750e+06,  5.00006e+06, -9.37500e+05],
    [ 4.68750e+06,  1.09376e+07, -9.37500e+05, -8.12507e+06, -4.68750e+06, -2.18751e+07,  9.37500e+05,  1.90626e+07],
    [ 1.24995e+06, -9.37500e+05,  6.25001e+06, -4.68750e+06,  5.00006e+06,  9.37500e+05, -1.25000e+07,  4.68750e+06],
    [ 9.37500e+05, -8.12507e+06, -4.68750e+06,  1.09376e+07, -9.37500e+05,  1.90626e+07,  4.68750e+06, -2.18751e+07]
  ],
  [
    [-1.25000e+07, -4.68750e+06,  4.99999e+06, -9.37500e+05,  6.25000e+06,  4.68750e+06,  1.25001e+06,  9.37500e+05],
    [-4.68750e+06, -2.18750e+07,  9.37500e+05,  1.90625e+07,  4.68750e+06,  1.09375e+07, -9.37500e+05, -8.12498e+06],
    [ 4.99999e+06,  9.37500e+05, -1.25000e+07,  4.68750e+06,  1.25001e+06, -9.37500e+05,  6.25000e+06, -4.68750e+06],
    [-9.37500e+05,  1.90625e+07,  4.68750e+06, -2.18750e+07,  9.37500e+05, -8.12498e+06, -4.68750e+06,  1.09375e+07],
    [ 6.25000e+06,  4.68750e+06,  1.25001e+06,  9.37500e+05, -1.25000e+07, -4.68750e+06,  4.99999e+06, -9.37500e+05],
    [ 4.68750e+06,  1.09375e+07, -9.37500e+05, -8.12498e+06, -4.68750e+06, -2.18750e+07,  9.37500e+05,  1.90625e+07],
    [ 1.25001e+06, -9.37500e+05,  6.25000e+06, -4.68750e+06,  4.99999e+06,  9.37500e+05, -1.25000e+07,  4.68750e+06],
    [ 9.37500e+05, -8.12498e+06, -4.68750e+06,  1.09375e+07, -9.37500e+05,  1.90625e+07,  4.68750e+06, -2.18750e+07]
  ],
  [
    [-1.25000e+07, -4.68750e+06,  4.99993e+06, -9.37500e+05,  6.24999e+06,  4.68750e+06,  1.25007e+06,  9.37500e+05],
    [-4.68750e+06, -2.18749e+07,  9.37500e+05,  1.90623e+07,  4.68750e+06,  1.09374e+07, -9.37500e+05, -8.12491e+06],
    [ 4.99993e+06,  9.37500e+05, -1.25000e+07,  4.68750e+06,  1.25007e+06, -9.37500e+05,  6.24999e+06, -4.68750e+06],
    [-9.37500e+05,  1.90623e+07,  4.68750e+06, -2.18749e+07,  9.37500e+05, -8.12491e+06, -4.68750e+06,  1.09374e+07],
    [ 6.24999e+06,  4.68750e+06,  1.25007e+06,  9.37500e+05, -1.25000e+07, -4.68750e+06,  4.99993e+06, -9.37500e+05],
    [ 4.68750e+06,  1.09374e+07, -9.37500e+05, -8.12491e+06, -4.68750e+06, -2.18749e+07,  9.37500e+05,  1.90623e+07],
    [ 1.25007e+06, -9.37500e+05,  6.24999e+06, -4.68750e+06,  4.99993e+06,  9.37500e+05, -1.25000e+07,  4.68750e+06],
    [ 9.37500e+05, -8.12491e+06, -4.68750e+06,  1.09374e+07, -9.37500e+05,  1.90623e+07,  4.68750e+06, -2.18749e+07]
  ],
  [
    [-1.25000e+07, -4.68750e+06,  5.00003e+06, -9.37500e+05,  6.25000e+06,  4.68750e+06,  1.24997e+06,  9.37500e+05],
    [-4.68750e+06, -2.18751e+07,  9.37500e+05,  1.90626e+07,  4.68750e+06,  1.09375e+07, -9.37500e+05, -8.12504e+06],
    [ 5.00003e+06,  9.37500e+05, -1.25000e+07,  4.68750e+06,  1.24997e+06, -9.37500e+05,  6.25000e+06, -4.68750e+06],
    [-9.37500e+05,  1.90626e+07,  4.68750e+06, -2.18751e+07,  9.37500e+05, -8.12504e+06, -4.68750e+06,  1.09375e+07],
    [ 6.25000e+06,  4.68750e+06,  1.24997e+06,  9.37500e+05, -1.25000e+07, -4.68750e+06,  5.00003e+06, -9.37500e+05],
    [ 4.68750e+06,  1.09375e+07, -9.37500e+05, -8.12504e+06, -4.68750e+06, -2.18751e+07,  9.37500e+05,  1.90626e+07],
    [ 1.24997e+06, -9.37500e+05,  6.25000e+06, -4.68750e+06,  5.00003e+06,  9.37500e+05, -1.25000e+07,  4.68750e+06],
    [ 9.37500e+05, -8.12504e+06, -4.68750e+06,  1.09375e+07, -9.37500e+05,  1.90626e+07,  4.68750e+06, -2.18751e+07]
  ],
  [
    [-1.25000e+07, -4.68750e+06,  5.00002e+06, -9.37500e+05,  6.25000e+06,  4.68750e+06,  1.24999e+06,  9.37500e+05],
    [-4.68750e+06, -2.18750e+07,  9.37500e+05,  1.90625e+07,  4.68750e+06,  1.09375e+07, -9.37500e+05, -8.12502e+06],
    [ 5.00002e+06,  9.37500e+05, -1.25000e+07,  4.68750e+06,  1.24999e+06, -9.37500e+05,  6.25000e+06, -4.68750e+06],
    [-9.37500e+05,  1.90625e+07,  4.68750e+06, -2.18750e+07,  9.37500e+05, -8.12502e+06, -4.68750e+06,  1.09375e+07],
    [ 6.25000e+06,  4.68750e+06,  1.24999e+06,  9.37500e+05, -1.25000e+07, -4.68750e+06,  5.00002e+06, -9.37500e+05],
    [ 4.68750e+06,  1.09375e+07, -9.37500e+05, -8.12502e+06, -4.68750e+06, -2.18750e+07,  9.37500e+05,  1.90625e+07],
    [ 1.24999e+06, -9.37500e+05,  6.25000e+06, -4.68750e+06,  5.00002e+06,  9.37500e+05, -1.25000e+07,  4.68750e+06],
    [ 9.37500e+05, -8.12502e+06, -4.68750e+06,  1.09375e+07, -9.37500e+05,  1.90625e+07,  4.68750e+06, -2.18750e+07]
  ],
  [
    [-1.25000e+07, -4.68750e+06,  4.99995e+06, -9.37500e+05,  6.24999e+06,  4.68750e+06,  1.25004e+06,  9.37500e+05],
    [-4.68750e+06, -2.18749e+07,  9.37500e+05,  1.90624e+07,  4.68750e+06,  1.09375e+07, -9.37500e+05, -8.12495e+06],
    [ 4.99995e+06,  9.37500e+05, -1.25000e+07,  4.68750e+06,  1.25004e+06, -9.37500e+05,  6.24999e+06, -4.68750e+06],
    [-9.37500e+05,  1.90624e+07,  4.68750e+06, -2.18749e+07,  9.37500e+05, -8.12495e+06, -4.68750e+06,  1.09375e+07],
    [ 6.24999e+06,  4.68750e+06,  1.25004e+06,  9.37500e+05, -1.25000e+07, -4.68750e+06,  4.99995e+06, -9.37500e+05],
    [ 4.68750e+06,  1.09375e+07, -9.37500e+05, -8.12495e+06, -4.68750e+06, -2.18749e+07,  9.37500e+05,  1.90624e+07],
    [ 1.25004e+06, -9.37500e+05,  6.24999e+06, -4.68750e+06,  4.99995e+06,  9.37500e+05, -1.25000e+07,  4.68750e+06],
    [ 9.37500e+05, -8.12495e+06, -4.68750e+06,  1.09375e+07, -9.37500e+05,  1.90624e+07,  4.68750e+06, -2.18749e+07]
  ],
  [
    [-1.25000e+07, -4.68750e+06,  5.00006e+06, -9.37500e+05,  6.25001e+06,  4.68750e+06,  1.24995e+06,  9.37500e+05],
    [-4.68750e+06, -2.18751e+07,  9.37500e+05,  1.90626e+07,  4.68750e+06,  1.09376e+07, -9.37500e+05, -8.12507e+06],
    [ 5.00006e+06,  9.37500e+05, -1.25000e+07,  4.68750e+06,  1.24995e+06, -9.37500e+05,  6.25001e+06, -4.68750e+06],
    [-9.37500e+05,  1.90626e+07,  4.68750e+06, -2.18751e+07,  9.37500e+05, -8.12507e+06, -4.68750e+06,  1.09376e+07],
    [ 6.25001e+06,  4.68750e+06,  1.24995e+06,  9.37500e+05, -1.25000e+07, -4.68750e+06,  5.00006e+06, -9.37500e+05],
    [ 4.68750e+06,  1.09376e+07, -9.37500e+05, -8.12507e+06, -4.68750e+06, -2.18751e+07,  9.37500e+05,  1.90626e+07],
    [ 1.24995e+06, -9.37500e+05,  6.25001e+06, -4.68750e+06,  5.00006e+06,  9.37500e+05, -1.25000e+07,  4.68750e+06],
    [ 9.37500e+05, -8.12507e+06, -4.68750e+06,  1.09376e+07, -9.37500e+05,  1.90626e+07,  4.68750e+06, -2.18751e+07]
  ]
  ],
  "_f" : "This is the matrix of the global stiffness matrix",
  "f" :[
  [
    [ 0.00000e+00],
    [ 5.55555e-02],
    [ 0.00000e+00],
    [ 5.55555e-02],
    [ 0.00000e+00],
    [ 5.55555e-02],
    [ 0.00000e+00],
    [ 5.55555e-02]
  ],
  [
    [ 0.00000e+00],
    [ 5.55552e-02],
    [ 0.00000e+00],
    [ 5.55552e-02],
    [ 0.00000e+00],
    [ 5.55552e-02],
    [ 0.00000e+00],
    [ 5.55552e-02]
  ],
  [
    [ 0.00000e+00],
    [ 5.55558e-02],
    [ 0.00000e+00],
    [ 5.55558e-02],
    [ 0.00000e+00],
    [ 5.55558e-02],
    [ 0.00000e+00],
    [ 5.55558e-02]
  ],
  [
    [ 0.00000e+00],
    [ 5.55557e-02],
    [ 0.00000e+00],
    [ 5.55557e-02],
    [ 0.00000e+00],
    [ 5.55557e-02],
    [ 0.00000e+00],
    [ 5.55557e-02]
  ],
  [
    [ 0.00000e+00],
    [ 5.55554e-02],
    [ 0.00000e+00],
    [ 5.55554e-02],
    [ 0.00000e+00],
    [ 5.55554e-02],
    [ 0.00000e+00],
    [ 5.55554e-02]
  ],
  [
    [ 0.00000e+00],
    [ 5.55559e-02],
    [ 0.00000e+00],
    [ 5.55559e-02],
    [ 0.00000e+00],
    [ 5.55559e-02],
    [ 0.00000e+00],
    [ 5.55559e-02]
  ],
  [
    [ 0.00000e+00],
    [ 5.55555e-02],
    [ 0.00000e+00],
    [ 5.55555e-02],
    [ 0.00000e+00],
    [ 5.55555e-02],
    [ 0.00000e+00],
    [ 5.55555e-02]
  ],
  [
    [ 0.00000e+00],
    [ 5.55552e-02],
    [ 0.00000e+00],
    [ 5.55552e-02],
    [ 0.00000e+00],
    [ 5.55552e-02],
    [ 0.00000e+00],
    [ 5.55552e-02]
  ],
  [
    [ 0.00000e+00],
    [ 5.55558e-02],
    [ 0.00000e+00],
    [ 5.55558e-02],
    [ 0.00000e+00],
    [ 5.55558e-02],
    [ 0.00000e+00],
    [ 5.55558e-02]
  ]
  ],
  "_lcffm" : "This is the matrix of the global stiffness matrix",
  "lcffm" :[
  [
    [ 6.22008e-01,  1.66667e-01,  4.46582e-02,  1.66667e-01]
  ],
  [
    [ 1.66667e-01,  4.46582e-02,  1.66667e-01,  6.22008e-01]
  ],
  [
    [ 1.66667e-01,  6.22008e-01,  1.66667e-01,  4.46582e-02]
  ],
  [
    [ 4.46582e-02,  1.66667e-01,  6.22008e-01,  1.66667e-01]
  ],
  [
    [ 6.22008e-01,  1.66667e-01,  4.46582e-02,  1.66667e-01]
  ],
  [
    [ 1.66667e-01,  4.46582e-02,  1.66667e-01,  6.22008e-01]
  ],
  [
    [ 1.66667e-01,  6.22008e-01,  1.66667e-01,  4.46582e-02]
  ],
  [
    [ 4.46582e-02,  1.66667e-01,  6.22008e-01,  1.66667e-01]
  ],
  [
    [ 6.22008e-01,  1.66667e-01,  4.46582e-02,  1.66667e-01]
  ],
  [
    [ 1.66667e-01,  4.46582e-02,  1.66667e-01,  6.22008e-01]
  ],
  [
    [ 1.66667e-01,  6.22008e-01,  1.66667e-01,  4.46582e-02]
  ],
  [
    [ 4.46582e-02,  1.66667e-01,  6.22008e-01,  1.66667e-01]
  ],
  [
    [ 6.22008e-01,  1.66667e-01,  4.46582e-02,  1.66667e-01]
  ],
  [
    [ 1.66667e-01,  4.46582e-02,  1.66667e-01,  6.22008e-01]
  ],
  [
    [ 1.66667e-01,  6.22008e-01,  1.66667e-01,  4.46582e-02]
  ],
  [
    [ 4.46582e-02,  1.66667e-01,  6.22008e-01,  1.66667e-01]
  ],
  [
    [ 6.22008e-01,  1.66667e-01,  4.46582e-02,  1.66667e-01]
  ],
  [
    [ 1.66667e-01,  4.46582e-02,  1.66667e-01,  6.22008e-01]
  ],
  [
    [ 1.66667e-01,  6.22008e-01,  1.66667e-01,  4.46582e-02]
  ],
  [
    [ 4.46582e-02,  1.66667e-01,  6.22008e-01,  1.66667e-01]
  ],
  [
    [ 6.22008e-01,  1.66667e-01,  4.46582e-02,  1.66667e-01]
  ],
  [
    [ 1.66667e-01,  4.46582e-02,  1.66667e-01,  6.22008e-01]
  ],
  [
    [ 1.66667e-01,  6.22008e-01,  1.66667e-01,  4.46582e-02]
  ],
  [
    [ 4.46582e-02,  1.66667e-01,  6.22008e-01,  1.66667e-01]
  ],
  [
    [ 6.22008e-01,  1.66667e-01,  4.46582e-02,  1.66667e-01]
  ],
  [
    [ 1.66667e-01,  4.46582e-02,  1.66667e-01,  6.22008e-01]
  ],
  [
    [ 1.66667e-01,  6.22008e-01,  1.66667e-01,  4.46582e-02]
  ],
  [
    [ 4.46582e-02,  1.66667e-01,  6.22008e-01,  1.66667e-01]
  ],
  [
    [ 6.22008e-01,  1.66667e-01,  4.46582e-02,  1.66667e-01]
  ],
  [
    [ 1.66667e-01,  4.46582e-02,  1.66667e-01,  6.22008e-01]
  ],
  [
    [ 1.66667e-01,  6.22008e-01,  1.66667e-01,  4.46582e-02]
  ],
  [
    [ 4.46582e-02,  1.66667e-01,  6.22008e-01,  1.66667e-01]
  ],
  [
    [ 6.22008e-01,  1.66667e-01,  4.46582e-02,  1.66667e-01]
  ],
  [
    [ 1.66667e-01,  4.46582e-02,  1.66667e-01,  6.22008e-01]
  ],
  [
    [ 1.66667e-01,  6.22008e-01,  1.66667e-01,  4.46582e-02]
  ],
  [
    [ 4.46582e-02,  1.66667e-01,  6.22008e-01,  1.66667e-01]
  ]
  ],
  "_lcder" : "This is the matrix of the global stiffness matrix",
  "lcder" :[
  [
    [-3.94338e-01,  3.94338e-01,  1.05662e-01, -1.05662e-01],
    [-3.94338e-01, -1.05662e-01,  1.05662e-01,  3.94338e-01]
  ],
  [
    [-1.05662e-01,  1.05662e-01,  3.94338e-01, -3.94338e-01],
    [-3.94338e-01, -1.05662e-01,  1.05662e-01,  3.94338e-01]
  ],
  [
    [-3.94338e-01,  3.94338e-01,  1.05662e-01, -1.05662e-01],
    [-1.05662e-01, -3.94338e-01,  3.94338e-01,  1.05662e-01]
  ],
  [
    [-1.05662e-01,  1.05662e-01,  3.94338e-01, -3.94338e-01],
    [-1.05662e-01, -3.94338e-01,  3.94338e-01,  1.05662e-01]
  ],
  [
    [-3.94338e-01,  3.94338e-01,  1.05662e-01, -1.05662e-01],
    [-3.94338e-01, -1.05662e-01,  1.05662e-01,  3.94338e-01]
  ],
  [
    [-1.05662e-01,  1.05662e-01,  3.94338e-01, -3.94338e-01],
    [-3.94338e-01, -1.05662e-01,  1.05662e-01,  3.94338e-01]
  ],
  [
    [-3.94338e-01,  3.94338e-01,  1.05662e-01, -1.05662e-01],
    [-1.05662e-01, -3.94338e-01,  3.94338e-01,  1.05662e-01]
  ],
  [
    [-1.05662e-01,  1.05662e-01,  3.94338e-01, -3.94338e-01],
    [-1.05662e-01, -3.94338e-01,  3.94338e-01,  1.05662e-01]
  ],
  [
    [-3.94338e-01,  3.94338e-01,  1.05662e-01, -1.05662e-01],
    [-3.94338e-01, -1.05662e-01,  1.05662e-01,  3.94338e-01]
  ],
  [
    [-1.05662e-01,  1.05662e-01,  3.94338e-01, -3.94338e-01],
    [-3.94338e-01, -1.05662e-01,  1.05662e-01,  3.94338e-01]
  ],
  [
    [-3.94338e-01,  3.94338e-01,  1.05662e-01, -1.05662e-01],
    [-1.05662e-01, -3.94338e-01,  3.94338e-01,  1.05662e-01]
  ],
  [
    [-1.05662e-01,  1.05662e-01,  3.94338e-01, -3.94338e-01],
    [-1.05662e-01, -3.94338e-01,  3.94338e-01,  1.05662e-01]
  ],
  [
    [-3.94338e-01,  3.94338e-01,  1.05662e-01, -1.05662e-01],
    [-3.94338e-01, -1.05662e-01,  1.05662e-01,  3.94338e-01]
  ],
  [
    [-1.05662e-01,  1.05662e-01,  3.94338e-01, -3.94338e-01],
    [-3.94338e-01, -1.05662e-01,  1.05662e-01,  3.94338e-01]
  ],
  [
    [-3.94338e-01,  3.94338e-01,  1.05662e-01, -1.05662e-01],
    [-1.05662e-01, -3.94338e-01,  3.94338e-01,  1.05662e-01]
  ],
  [
    [-1.05662e-01,  1.05662e-01,  3.94338e-01, -3.94338e-01],
    [-1.05662e-01, -3.94338e-01,  3.94338e-01,  1.05662e-01]
  ],
  [
    [-3.94338e-01,  3.94338e-01,  1.05662e-01, -1.05662e-01],
    [-3.94338e-01, -1.05662e-01,  1.05662e-01,  3.94338e-01]
  ],
  [
    [-1.05662e-01,  1.05662e-01,  3.94338e-01, -3.94338e-01],
    [-3.94338e-01, -1.05662e-01,  1.05662e-01,  3.94338e-01]
  ],
  [
    [-3.94338e-01,  3.94338e-01,  1.05662e-01, -1.05662e-01],
    [-1.05662e-01, -3.94338e-01,  3.94338e-01,  1.05662e-01]
  ],
  [
    [-1.05662e-01,  1.05662e-01,  3.94338e-01, -3.94338e-01],
    [-1.05662e-01, -3.94338e-01,  3.94338e-01,  1.05662e-01]
  ],
  [
    [-3.94338e-01,  3.94338e-01,  1.05662e-01, -1.05662e-01],
    [-3.94338e-01, -1.05662e-01,  1.05662e-01,  3.94338e-01]
  ],
  [
    [-1.05662e-01,  1.05662e-01,  3.94338e-01, -3.94338e-01],
    [-3.94338e-01, -1.05662e-01,  1.05662e-01,  3.94338e-01]
  ],
  [
    [-3.94338e-01,  3.94338e-01,  1.05662e-01, -1.05662e-01],
    [-1.05662e-01, -3.94338e-01,  3.94338e-01,  1.05662e-01]
  ],
  [
    [-1.05662e-01,  1.05662e-01,  3.94338e-01, -3.94338e-01],
    [-1.05662e-01, -3.94338e-01,  3.94338e-01,  1.05662e-01]
  ],
  [
    [-3.94338e-01,  3.94338e-01,  1.05662e-01, -1.05662e-01],
    [-3.94338e-01, -1.05662e-01,  1.05662e-01,  3.94338e-01]
  ],
  [
    [-1.05662e-01,  1.05662e-01,  3.94338e-01, -3.94338e-01],
    [-3.94338e-01, -1.05662e-01,  1.05662e-01,  3.94338e-01]
  ],
  [
    [-3.94338e-01,  3.94338e-01,  1.05662e-01, -1.05662e-01],
    [-1.05662e-01, -3.94338e-01,  3.94338e-01,  1.05662e-01]
  ],
  [
    [-1.05662e-01,  1.05662e-01,  3.94338e-01, -3.94338e-01],
    [-1.05662e-01, -3.94338e-01,  3.94338e-01,  1.05662e-01]
  ],
  [
    [-3.94338e-01,  3.94338e-01,  1.05662e-01, -1.05662e-01],
    [-3.94338e-01, -1.05662e-01,  1.05662e-01,  3.94338e-01]
  ],
  [
    [-1.05662e-01,  1.05662e-01,  3.94338e-01, -3.94338e-01],
    [-3.94338e-01, -1.05662e-01,  1.05662e-01,  3.94338e-01]
  ],
  [
    [-3.94338e-01,  3.94338e-01,  1.05662e-01, -1.05662e-01],
    [-1.05662e-01, -3.94338e-01,  3.94338e-01,  1.05662e-01]
  ],
  [
    [-1.05662e-01,  1.05662e-01,  3.94338e-01, -3.94338e-01],
    [-1.05662e-01, -3.94338e-01,  3.94338e-01,  1.05662e-01]
  ],
  [
    [-3.94338e-01,  3.94338e-01,  1.05662e-01, -1.05662e-01],
    [-3.94338e-01, -1.05662e-01,  1.05662e-01,  3.94338e-01]
  ],
  [
    [-1.05662e-01,  1.05662e-01,  3.94338e-01, -3.94338e-01],
    [-3.94338e-01, -1.05662e-01,  1.05662e-01,  3.94338e-01]
  ],
  [
    [-3.94338e-01,  3.94338e-01,  1.05662e-01, -1.05662e-01],
    [-1.05662e-01, -3.94338e-01,  3.94338e-01,  1.05662e-01]
  ],
  [
    [-1.05662e-01,  1.05662e-01,  3.94338e-01, -3.94338e-01],
    [-1.05662e-01, -3.94338e-01,  3.94338e-01,  1.05662e-01]
  ]
  ],
  "_xjacm" : "This is the matrix of the global stiffness matrix",
  "xjacm" :[
  [
    [ 0.00000e+00,  1.66666e-01],
    [ 3.33334e-01,  0.00000e+00]
  ],
  [
    [ 0.00000e+00,  1.66666e-01],
    [ 3.33334e-01,  0.00000e+00]
  ],
  [
    [ 0.00000e+00,  1.66666e-01],
    [ 3.33334e-01,  0.00000e+00]
  ],
  [
    [ 0.00000e+00,  1.66666e-01],
    [ 3.33334e-01,  0.00000e+00]
  ],
  [
    [ 0.00000e+00,  1.66666e-01],
    [ 3.33331e-01,  0.00000e+00]
  ],
  [
    [ 0.00000e+00,  1.66666e-01],
    [ 3.33331e-01,  0.00000e+00]
  ],
  [
    [ 0.00000e+00,  1.66666e-01],
    [ 3.33331e-01,  0.00000e+00]
  ],
  [
    [ 0.00000e+00,  1.66666e-01],
    [ 3.33331e-01,  0.00000e+00]
  ],
  [
    [ 0.00000e+00,  1.66666e-01],
    [ 3.33335e-01,  0.00000e+00]
  ],
  [
    [ 0.00000e+00,  1.66666e-01],
    [ 3.33335e-01,  0.00000e+00]
  ],
  [
    [ 0.00000e+00,  1.66666e-01],
    [ 3.33335e-01,  0.00000e+00]
  ],
  [
    [ 0.00000e+00,  1.66666e-01],
    [ 3.33335e-01,  0.00000e+00]
  ],
  [
    [ 0.00000e+00,  1.66667e-01],
    [ 3.33334e-01,  0.00000e+00]
  ],
  [
    [ 0.00000e+00,  1.66667e-01],
    [ 3.33334e-01,  0.00000e+00]
  ],
  [
    [ 0.00000e+00,  1.66667e-01],
    [ 3.33334e-01, -6.93889e-18]
  ],
  [
    [ 0.00000e+00,  1.66667e-01],
    [ 3.33334e-01, -6.93889e-18]
  ],
  [
    [ 0.00000e+00,  1.66667e-01],
    [ 3.33331e-01,  0.00000e+00]
  ],
  [
    [ 0.00000e+00,  1.66667e-01],
    [ 3.33331e-01,  0.00000e+00]
  ],
  [
    [ 0.00000e+00,  1.66667e-01],
    [ 3.33331e-01, -6.93889e-18]
  ],
  [
    [ 0.00000e+00,  1.66667e-01],
    [ 3.33331e-01, -6.93889e-18]
  ],
  [
    [ 0.00000e+00,  1.66667e-01],
    [ 3.33335e-01,  0.00000e+00]
  ],
  [
    [ 0.00000e+00,  1.66667e-01],
    [ 3.33335e-01,  0.00000e+00]
  ],
  [
    [ 0.00000e+00,  1.66667e-01],
    [ 3.33335e-01, -6.93889e-18]
  ],
  [
    [ 0.00000e+00,  1.66667e-01],
    [ 3.33335e-01, -6.93889e-18]
  ],
  [
    [ 0.00000e+00,  1.66666e-01],
    [ 3.33334e-01,  0.00000e+00]
  ],
  [
    [ 0.00000e+00,  1.66666e-01],
    [ 3.33334e-01,  0.00000e+00]
  ],
  [
    [ 0.00000e+00,  1.66666e-01],
    [ 3.33334e-01,  0.00000e+00]
  ],
  [
    [ 0.00000e+00,  1.66666e-01],
    [ 3.33334e-01,  0.00000e+00]
  ],
  [
    [ 0.00000e+00,  1.66666e-01],
    [ 3.33331e-01,  0.00000e+00]
  ],
  [
    [ 0.00000e+00,  1.66666e-01],
    [ 3.33331e-01,  0.00000e+00]
  ],
  [
    [ 0.00000e+00,  1.66666e-01],
    [ 3.33331e-01,  0.00000e+00]
  ],
  [
    [ 0.00000e+00,  1.66666e-01],
    [ 3.33331e-01,  0.00000e+00]
  ],
  [
    [ 0.00000e+00,  1.66666e-01],
    [ 3.33335e-01,  0.00000e+00]
  ],
  [
    [ 0.00000e+00,  1.66666e-01],
    [ 3.33335e-01,  0.00000e+00]
  ],
  [
    [ 0.00000e+00,  1.66666e-01],
    [ 3.33335e-01,  0.00000e+00]
  ],
  [
    [ 0.00000e+00,  1.66666e-01],
    [ 3.33335e-01,  0.00000e+00]
  ]
  ],
  "_ctder" : "This is the matrix of the global stiffness matrix",
  "ctder" :[
  [
    [-1.18301e+00, -3.16987e-01,  3.16987e-01,  1.18301e+00],
    [-2.36603e+00,  2.36603e+00,  6.33975e-01, -6.33975e-01]
  ],
  [
    [-1.18301e+00, -3.16987e-01,  3.16987e-01,  1.18301e+00],
    [-6.33975e-01,  6.33975e-01,  2.36603e+00, -2.36603e+00]
  ],
  [
    [-3.16987e-01, -1.18301e+00,  1.18301e+00,  3.16987e-01],
    [-2.36603e+00,  2.36603e+00,  6.33975e-01, -6.33975e-01]
  ],
  [
    [-3.16987e-01, -1.18301e+00,  1.18301e+00,  3.16987e-01],
    [-6.33975e-01,  6.33975e-01,  2.36603e+00, -2.36603e+00]
  ],
  [
    [-1.18302e+00, -3.16989e-01,  3.16989e-01,  1.18302e+00],
    [-2.36603e+00,  2.36603e+00,  6.33975e-01, -6.33975e-01]
  ],
  [
    [-1.18302e+00, -3.16989e-01,  3.16989e-01,  1.18302e+00],
    [-6.33975e-01,  6.33975e-01,  2.36603e+00, -2.36603e+00]
  ],
  [
    [-3.16989e-01, -1.18302e+00,  1.18302e+00,  3.16989e-01],
    [-2.36603e+00,  2.36603e+00,  6.33975e-01, -6.33975e-01]
  ],
  [
    [-3.16989e-01, -1.18302e+00,  1.18302e+00,  3.16989e-01],
    [-6.33975e-01,  6.33975e-01,  2.36603e+00, -2.36603e+00]
  ],
  [
    [-1.18301e+00, -3.16986e-01,  3.16986e-01,  1.18301e+00],
    [-2.36603e+00,  2.36603e+00,  6.33975e-01, -6.33975e-01]
  ],
  [
    [-1.18301e+00, -3.16986e-01,  3.16986e-01,  1.18301e+00],
    [-6.33975e-01,  6.33975e-01,  2.36603e+00, -2.36603e+00]
  ],
  [
    [-3.16986e-01, -1.18301e+00,  1.18301e+00,  3.16986e-01],
    [-2.36603e+00,  2.36603e+00,  6.33975e-01, -6.33975e-01]
  ],
  [
    [-3.16986e-01, -1.18301e+00,  1.18301e+00,  3.16986e-01],
    [-6.33975e-01,  6.33975e-01,  2.36603e+00, -2.36603e+00]
  ],
  [
    [-1.18301e+00, -3.16987e-01,  3.16987e-01,  1.18301e+00],
    [-2.36602e+00,  2.36602e+00,  6.33973e-01, -6.33973e-01]
  ],
  [
    [-1.18301e+00, -3.16987e-01,  3.16987e-01,  1.18301e+00],
    [-6.33973e-01,  6.33973e-01,  2.36602e+00, -2.36602e+00]
  ],
  [
    [-3.16987e-01, -1.18301e+00,  1.18301e+00,  3.16987e-01],
    [-2.36602e+00,  2.36602e+00,  6.33973e-01, -6.33973e-01]
  ],
  [
    [-3.16987e-01, -1.18301e+00,  1.18301e+00,  3.16987e-01],
    [-6.33973e-01,  6.33973e-01,  2.36602e+00, -2.36602e+00]
  ],
  [
    [-1.18302e+00, -3.16989e-01,  3.16989e-01,  1.18302e+00],
    [-2.36602e+00,  2.36602e+00,  6.33973e-01, -6.33973e-01]
  ],
  [
    [-1.18302e+00, -3.16989e-01,  3.16989e-01,  1.18302e+00],
    [-6.33973e-01,  6.33973e-01,  2.36602e+00, -2.36602e+00]
  ],
  [
    [-3.16989e-01, -1.18302e+00,  1.18302e+00,  3.16989e-01],
    [-2.36602e+00,  2.36602e+00,  6.33973e-01, -6.33973e-01]
  ],
  [
    [-3.16989e-01, -1.18302e+00,  1.18302e+00,  3.16989e-01],
    [-6.33973e-01,  6.33973e-01,  2.36602e+00, -2.36602e+00]
  ],
  [
    [-1.18301e+00, -3.16986e-01,  3.16986e-01,  1.18301e+00],
    [-2.36602e+00,  2.36602e+00,  6.33973e-01, -6.33973e-01]
  ],
  [
    [-1.18301e+00, -3.16986e-01,  3.16986e-01,  1.18301e+00],
    [-6.33973e-01,  6.33973e-01,  2.36602e+00, -2.36602e+00]
  ],
  [
    [-3.16986e-01, -1.18301e+00,  1.18301e+00,  3.16986e-01],
    [-2.36602e+00,  2.36602e+00,  6.33973e-01, -6.33973e-01]
  ],
  [
    [-3.16986e-01, -1.18301e+00,  1.18301e+00,  3.16986e-01],
    [-6.33973e-01,  6.33973e-01,  2.36602e+00, -2.36602e+00]
  ],
  [
    [-1.18301e+00, -3.16987e-01,  3.16987e-01,  1.18301e+00],
    [-2.36603e+00,  2.36603e+00,  6.33975e-01, -6.33975e-01]
  ],
  [
    [-1.18301e+00, -3.16987e-01,  3.16987e-01,  1.18301e+00],
    [-6.33975e-01,  6.33975e-01,  2.36603e+00, -2.36603e+00]
  ],
  [
    [-3.16987e-01, -1.18301e+00,  1.18301e+00,  3.16987e-01],
    [-2.36603e+00,  2.36603e+00,  6.33975e-01, -6.33975e-01]
  ],
  [
    [-3.16987e-01, -1.18301e+00,  1.18301e+00,  3.16987e-01],
    [-6.33975e-01,  6.33975e-01,  2.36603e+00, -2.36603e+00]
  ],
  [
    [-1.18302e+00, -3.16989e-01,  3.16989e-01,  1.18302e+00],
    [-2.36603e+00,  2.36603e+00,  6.33975e-01, -6.33975e-01]
  ],
  [
    [-1.18302e+00, -3.16989e-01,  3.16989e-01,  1.18302e+00],
    [-6.33975e-01,  6.33975e-01,  2.36603e+00, -2.36603e+00]
  ],
  [
