var G_CURRENT_ELEMENTAL_DATA = {
  "_stiffness_matrix" : "This is the matrix of the global stiffness matrix",
  "stiffness_matrix" :[
    [ 1.96875e+10,  8.43750e+09, -1.40625e+10, -5.62500e+09,  0.00000e+00,  0.00000e+00, -5.62500e+09, -2.81250e+09,  0.00000e+00,  0.00000e+00,  0.00000e+00,  0.00000e+00,  0.00000e+00,  0.00000e+00,  0.00000e+00,  0.00000e+00,  0.00000e+00,  0.00000e+00],
    [ 8.43750e+09,  1.96875e+10, -2.81250e+09, -5.62500e+09,  0.00000e+00,  0.00000e+00, -5.62500e+09, -1.40625e+10,  0.00000e+00,  0.00000e+00,  0.00000e+00,  0.00000e+00,  0.00000e+00,  0.00000e+00,  0.00000e+00,  0.00000e+00,  0.00000e+00,  0.00000e+00],
    [-1.40625e+10, -2.81250e+09,  3.93750e+10,  8.43750e+09, -1.40625e+10, -5.62500e+09,  0.00000e+00,  8.43750e+09, -1.12500e+10, -8.43750e+09,  0.00000e+00,  0.00000e+00,  0.00000e+00,  0.00000e+00,  0.00000e+00,  0.00000e+00,  0.00000e+00,  0.00000e+00],
    [-5.62500e+09, -5.62500e+09,  8.43750e+09,  3.93750e+10, -2.81250e+09, -5.62500e+09,  8.43750e+09,  0.00000e+00, -8.43750e+09, -2.81250e+10,  0.00000e+00,  0.00000e+00,  0.00000e+00,  0.00000e+00,  0.00000e+00,  0.00000e+00,  0.00000e+00,  0.00000e+00],
    [ 0.00000e+00,  0.00000e+00, -1.40625e+10, -2.81250e+09,  1.96875e+10,  0.00000e+00,  0.00000e+00,  0.00000e+00,  0.00000e+00,  8.43750e+09, -5.62500e+09, -5.62500e+09,  0.00000e+00,  0.00000e+00,  0.00000e+00,  0.00000e+00,  0.00000e+00,  0.00000e+00],
    [ 0.00000e+00,  0.00000e+00, -5.62500e+09, -5.62500e+09,  0.00000e+00,  1.96875e+10,  0.00000e+00,  0.00000e+00,  8.43750e+09,  0.00000e+00, -2.81250e+09, -1.40625e+10,  0.00000e+00,  0.00000e+00,  0.00000e+00,  0.00000e+00,  0.00000e+00,  0.00000e+00],
    [-5.62500e+09, -5.62500e+09,  0.00000e+00,  8.43750e+09,  0.00000e+00,  0.00000e+00,  3.93750e+10,  8.43750e+09, -2.81250e+10, -8.43750e+09,  0.00000e+00,  0.00000e+00, -5.62500e+09, -2.81250e+09,  0.00000e+00,  0.00000e+00,  0.00000e+00,  0.00000e+00],
    [-2.81250e+09, -1.40625e+10,  8.43750e+09,  0.00000e+00,  0.00000e+00,  0.00000e+00,  8.43750e+09,  3.93750e+10, -8.43750e+09, -1.12500e+10,  0.00000e+00,  0.00000e+00, -5.62500e+09, -1.40625e+10,  0.00000e+00,  0.00000e+00,  0.00000e+00,  0.00000e+00],
    [ 0.00000e+00,  0.00000e+00, -1.12500e+10, -8.43750e+09,  0.00000e+00,  8.43750e+09, -2.81250e+10, -8.43750e+09,  7.87500e+10,  1.68750e+10, -2.81250e+10, -8.43750e+09,  0.00000e+00,  8.43750e+09, -1.12500e+10, -8.43750e+09,  0.00000e+00,  0.00000e+00],
    [ 0.00000e+00,  0.00000e+00, -8.43750e+09, -2.81250e+10,  8.43750e+09,  0.00000e+00, -8.43750e+09, -1.12500e+10,  1.68750e+10,  7.87500e+10, -8.43750e+09, -1.12500e+10,  8.43750e+09,  0.00000e+00, -8.43750e+09, -2.81250e+10,  0.00000e+00,  0.00000e+00],
    [ 0.00000e+00,  0.00000e+00,  0.00000e+00,  0.00000e+00, -5.62500e+09, -2.81250e+09,  0.00000e+00,  0.00000e+00, -2.81250e+10, -8.43750e+09,  3.93750e+10,  8.43750e+09,  0.00000e+00,  0.00000e+00,  0.00000e+00,  8.43750e+09, -5.62500e+09, -5.62500e+09],
    [ 0.00000e+00,  0.00000e+00,  0.00000e+00,  0.00000e+00, -5.62500e+09, -1.40625e+10,  0.00000e+00,  0.00000e+00, -8.43750e+09, -1.12500e+10,  8.43750e+09,  3.93750e+10,  0.00000e+00,  0.00000e+00,  8.43750e+09,  0.00000e+00, -2.81250e+09, -1.40625e+10],
    [ 0.00000e+00,  0.00000e+00,  0.00000e+00,  0.00000e+00,  0.00000e+00,  0.00000e+00, -5.62500e+09, -5.62500e+09,  0.00000e+00,  8.43750e+09,  0.00000e+00,  0.00000e+00,  1.96875e+10,  0.00000e+00, -1.40625e+10, -2.81250e+09,  0.00000e+00,  0.00000e+00],
    [ 0.00000e+00,  0.00000e+00,  0.00000e+00,  0.00000e+00,  0.00000e+00,  0.00000e+00, -2.81250e+09, -1.40625e+10,  8.43750e+09,  0.00000e+00,  0.00000e+00,  0.00000e+00,  0.00000e+00,  1.96875e+10, -5.62500e+09, -5.62500e+09,  0.00000e+00,  0.00000e+00],
    [ 0.00000e+00,  0.00000e+00,  0.00000e+00,  0.00000e+00,  0.00000e+00,  0.00000e+00,  0.00000e+00,  0.00000e+00, -1.12500e+10, -8.43750e+09,  0.00000e+00,  8.43750e+09, -1.40625e+10, -5.62500e+09,  3.93750e+10,  8.43750e+09, -1.40625e+10, -2.81250e+09],
    [ 0.00000e+00,  0.00000e+00,  0.00000e+00,  0.00000e+00,  0.00000e+00,  0.00000e+00,  0.00000e+00,  0.00000e+00, -8.43750e+09, -2.81250e+10,  8.43750e+09,  0.00000e+00, -2.81250e+09, -5.62500e+09,  8.43750e+09,  3.93750e+10, -5.62500e+09, -5.62500e+09],
    [ 0.00000e+00,  0.00000e+00,  0.00000e+00,  0.00000e+00,  0.00000e+00,  0.00000e+00,  0.00000e+00,  0.00000e+00,  0.00000e+00,  0.00000e+00, -5.62500e+09, -2.81250e+09,  0.00000e+00,  0.00000e+00, -1.40625e+10, -5.62500e+09,  1.96875e+10,  8.43750e+09],
    [ 0.00000e+00,  0.00000e+00,  0.00000e+00,  0.00000e+00,  0.00000e+00,  0.00000e+00,  0.00000e+00,  0.00000e+00,  0.00000e+00,  0.00000e+00, -5.62500e+09, -1.40625e+10,  0.00000e+00,  0.00000e+00, -2.81250e+09, -5.62500e+09,  8.43750e+09,  1.96875e+10]
  ],
  "_dmat" : "This is the constitutive matrix",
  "dmat" :[
    [ 2.81250e+10,  5.62500e+09,  0.00000e+00],
    [ 5.62500e+09,  2.81250e+10,  0.00000e+00],
    [ 0.00000e+00,  0.00000e+00,  1.12500e+10]
  ],
  "_young" : "Young Modulus",
  "young" :[
    [ 2.70000e+10]
  ],
  "_poiss" : "Poission Ratio",
  "poiss" :[
    [ 2.00000e-01]
  ],
  "_pstrs" : "1 indicate Plane Stress; 0 indicate Plane Strain",
  "pstrs" :[
    [ 1.00000e+00]
  ],
  "_kx" : "Heat transfer coeffcient in X direction",
  "kx" :[
  ],
  "_ky" : "Heat transfer coeffcient in Y direction",
  "ky" :[
  ],
  "_heat" : "Heat source per area unit",
  "heat" :[
  ],
  "_M" : "This is the matrix of the global stiffness matrix",
  "M" :[
  [
    [ 1.96875e+10,  8.43750e+09, -5.62500e+09, -2.81250e+09, -1.40625e+10, -5.62500e+09],
    [ 8.43750e+09,  1.96875e+10, -5.62500e+09, -1.40625e+10, -2.81250e+09, -5.62500e+09],
    [-5.62500e+09, -5.62500e+09,  5.62500e+09,  0.00000e+00,  0.00000e+00,  5.62500e+09],
    [-2.81250e+09, -1.40625e+10,  0.00000e+00,  1.40625e+10,  2.81250e+09,  0.00000e+00],
    [-1.40625e+10, -2.81250e+09,  0.00000e+00,  2.81250e+09,  1.40625e+10,  0.00000e+00],
    [-5.62500e+09, -5.62500e+09,  5.62500e+09,  0.00000e+00,  0.00000e+00,  5.62500e+09]
  ],
  [
    [ 5.62500e+09,  0.00000e+00,  0.00000e+00,  5.62500e+09, -5.62500e+09, -5.62500e+09],
    [ 0.00000e+00,  1.40625e+10,  2.81250e+09,  0.00000e+00, -2.81250e+09, -1.40625e+10],
    [ 0.00000e+00,  2.81250e+09,  1.40625e+10,  0.00000e+00, -1.40625e+10, -2.81250e+09],
    [ 5.62500e+09,  0.00000e+00,  0.00000e+00,  5.62500e+09, -5.62500e+09, -5.62500e+09],
    [-5.62500e+09, -2.81250e+09, -1.40625e+10, -5.62500e+09,  1.96875e+10,  8.43750e+09],
    [-5.62500e+09, -1.40625e+10, -2.81250e+09, -5.62500e+09,  8.43750e+09,  1.96875e+10]
  ],
  [
    [ 1.40625e+10,  0.00000e+00, -1.40625e+10, -2.81250e+09,  0.00000e+00,  2.81250e+09],
    [ 0.00000e+00,  5.62500e+09, -5.62500e+09, -5.62500e+09,  5.62500e+09,  0.00000e+00],
    [-1.40625e+10, -5.62500e+09,  1.96875e+10,  8.43750e+09, -5.62500e+09, -2.81250e+09],
    [-2.81250e+09, -5.62500e+09,  8.43750e+09,  1.96875e+10, -5.62500e+09, -1.40625e+10],
    [ 0.00000e+00,  5.62500e+09, -5.62500e+09, -5.62500e+09,  5.62500e+09,  0.00000e+00],
    [ 2.81250e+09,  0.00000e+00, -2.81250e+09, -1.40625e+10,  0.00000e+00,  1.40625e+10]
  ],
  [
    [ 5.62500e+09,  0.00000e+00,  0.00000e+00,  5.62500e+09, -5.62500e+09, -5.62500e+09],
    [ 0.00000e+00,  1.40625e+10,  2.81250e+09,  0.00000e+00, -2.81250e+09, -1.40625e+10],
    [ 0.00000e+00,  2.81250e+09,  1.40625e+10,  0.00000e+00, -1.40625e+10, -2.81250e+09],
    [ 5.62500e+09,  0.00000e+00,  0.00000e+00,  5.62500e+09, -5.62500e+09, -5.62500e+09],
    [-5.62500e+09, -2.81250e+09, -1.40625e+10, -5.62500e+09,  1.96875e+10,  8.43750e+09],
    [-5.62500e+09, -1.40625e+10, -2.81250e+09, -5.62500e+09,  8.43750e+09,  1.96875e+10]
  ],
  [
    [ 1.40625e+10,  0.00000e+00, -1.40625e+10, -2.81250e+09,  0.00000e+00,  2.81250e+09],
    [ 0.00000e+00,  5.62500e+09, -5.62500e+09, -5.62500e+09,  5.62500e+09,  0.00000e+00],
    [-1.40625e+10, -5.62500e+09,  1.96875e+10,  8.43750e+09, -5.62500e+09, -2.81250e+09],
    [-2.81250e+09, -5.62500e+09,  8.43750e+09,  1.96875e+10, -5.62500e+09, -1.40625e+10],
    [ 0.00000e+00,  5.62500e+09, -5.62500e+09, -5.62500e+09,  5.62500e+09,  0.00000e+00],
    [ 2.81250e+09,  0.00000e+00, -2.81250e+09, -1.40625e+10,  0.00000e+00,  1.40625e+10]
  ],
  [
    [ 5.62500e+09,  0.00000e+00,  0.00000e+00,  5.62500e+09, -5.62500e+09, -5.62500e+09],
    [ 0.00000e+00,  1.40625e+10,  2.81250e+09,  0.00000e+00, -2.81250e+09, -1.40625e+10],
    [ 0.00000e+00,  2.81250e+09,  1.40625e+10,  0.00000e+00, -1.40625e+10, -2.81250e+09],
    [ 5.62500e+09,  0.00000e+00,  0.00000e+00,  5.62500e+09, -5.62500e+09, -5.62500e+09],
    [-5.62500e+09, -2.81250e+09, -1.40625e+10, -5.62500e+09,  1.96875e+10,  8.43750e+09],
    [-5.62500e+09, -1.40625e+10, -2.81250e+09, -5.62500e+09,  8.43750e+09,  1.96875e+10]
  ],
  [
    [ 1.40625e+10,  0.00000e+00, -1.40625e+10, -2.81250e+09,  0.00000e+00,  2.81250e+09],
    [ 0.00000e+00,  5.62500e+09, -5.62500e+09, -5.62500e+09,  5.62500e+09,  0.00000e+00],
    [-1.40625e+10, -5.62500e+09,  1.96875e+10,  8.43750e+09, -5.62500e+09, -2.81250e+09],
    [-2.81250e+09, -5.62500e+09,  8.43750e+09,  1.96875e+10, -5.62500e+09, -1.40625e+10],
    [ 0.00000e+00,  5.62500e+09, -5.62500e+09, -5.62500e+09,  5.62500e+09,  0.00000e+00],
    [ 2.81250e+09,  0.00000e+00, -2.81250e+09, -1.40625e+10,  0.00000e+00,  1.40625e+10]
  ],
  [
    [ 5.62500e+09,  0.00000e+00,  0.00000e+00,  5.62500e+09, -5.62500e+09, -5.62500e+09],
    [ 0.00000e+00,  1.40625e+10,  2.81250e+09,  0.00000e+00, -2.81250e+09, -1.40625e+10],
    [ 0.00000e+00,  2.81250e+09,  1.40625e+10,  0.00000e+00, -1.40625e+10, -2.81250e+09],
    [ 5.62500e+09,  0.00000e+00,  0.00000e+00,  5.62500e+09, -5.62500e+09, -5.62500e+09],
    [-5.62500e+09, -2.81250e+09, -1.40625e+10, -5.62500e+09,  1.96875e+10,  8.43750e+09],
    [-5.62500e+09, -1.40625e+10, -2.81250e+09, -5.62500e+09,  8.43750e+09,  1.96875e+10]
  ]
  ],
  "_f" : "This is the vector of forces",
  "f" :[
    [ 0.00000e+00],
    [-4.16667e-02],
    [ 0.00000e+00],
    [-1.25000e-01],
    [ 0.00000e+00],
    [-8.33333e-02],
    [ 0.00000e+00],
    [-1.25000e-01],
    [ 0.00000e+00],
    [-2.50000e-01],
    [ 0.00000e+00],
    [-1.25000e-01],
    [ 0.00000e+00],
    [-8.33333e-02],
    [ 0.00000e+00],
    [-1.25000e-01],
    [ 0.00000e+00],
    [-4.16667e-02]
  ],
  "_u" : "This is the vector of the displacements",
  "u" :[
    [ 0.00000e+00],
    [ 0.00000e+00],
    [ 8.89951e-12],
    [ 1.75437e+04],
    [ 1.21433e-11],
    [ 3.50873e+04],
    [-1.75437e+04],
    [-3.19014e-11],
    [-1.75437e+04],
    [ 1.75437e+04],
    [-1.75437e+04],
    [ 3.50873e+04],
    [-3.50873e+04],
    [-4.40501e-11],
    [-3.50873e+04],
    [ 1.75437e+04],
    [-3.50873e+04],
    [ 3.50873e+04]
  ],
  "_area" : "This is the matrix of the global stiffness matrix",
  "area" :[
  [
    [ 1.25000e-01]
  ],
  [
    [ 1.25000e-01]
  ],
  [
    [ 1.25000e-01]
  ],
  [
    [ 1.25000e-01]
  ],
  [
    [ 1.25000e-01]
  ],
  [
    [ 1.25000e-01]
  ],
  [
    [ 1.25000e-01]
  ],
  [
    [ 1.25000e-01]
  ]
  ],
  "_bmat" : "This is the matrix of the global stiffness matrix",
  "bmat" :[
  [
    [ 2.00000e+00,  0.00000e+00,  0.00000e+00,  0.00000e+00, -2.00000e+00,  0.00000e+00],
    [ 0.00000e+00,  2.00000e+00,  0.00000e+00, -2.00000e+00,  0.00000e+00,  0.00000e+00],
    [ 2.00000e+00,  2.00000e+00, -2.00000e+00,  0.00000e+00,  0.00000e+00, -2.00000e+00]
  ],
  [
    [ 0.00000e+00,  0.00000e+00,  2.00000e+00,  0.00000e+00, -2.00000e+00,  0.00000e+00],
    [ 0.00000e+00,  2.00000e+00,  0.00000e+00,  0.00000e+00,  0.00000e+00, -2.00000e+00],
    [ 2.00000e+00,  0.00000e+00,  0.00000e+00,  2.00000e+00, -2.00000e+00, -2.00000e+00]
  ],
  [
    [-2.00000e+00,  0.00000e+00,  2.00000e+00,  0.00000e+00,  0.00000e+00,  0.00000e+00],
    [ 0.00000e+00,  0.00000e+00,  0.00000e+00,  2.00000e+00,  0.00000e+00, -2.00000e+00],
    [ 0.00000e+00, -2.00000e+00,  2.00000e+00,  2.00000e+00, -2.00000e+00,  0.00000e+00]
  ],
  [
    [ 0.00000e+00,  0.00000e+00,  2.00000e+00,  0.00000e+00, -2.00000e+00,  0.00000e+00],
    [ 0.00000e+00,  2.00000e+00,  0.00000e+00,  0.00000e+00,  0.00000e+00, -2.00000e+00],
    [ 2.00000e+00,  0.00000e+00,  0.00000e+00,  2.00000e+00, -2.00000e+00, -2.00000e+00]
  ],
  [
    [-2.00000e+00,  0.00000e+00,  2.00000e+00,  0.00000e+00,  0.00000e+00,  0.00000e+00],
    [ 0.00000e+00,  0.00000e+00,  0.00000e+00,  2.00000e+00,  0.00000e+00, -2.00000e+00],
    [ 0.00000e+00, -2.00000e+00,  2.00000e+00,  2.00000e+00, -2.00000e+00,  0.00000e+00]
  ],
  [
    [ 0.00000e+00,  0.00000e+00,  2.00000e+00,  0.00000e+00, -2.00000e+00,  0.00000e+00],
    [ 0.00000e+00,  2.00000e+00,  0.00000e+00,  0.00000e+00,  0.00000e+00, -2.00000e+00],
    [ 2.00000e+00,  0.00000e+00,  0.00000e+00,  2.00000e+00, -2.00000e+00, -2.00000e+00]
  ],
  [
    [-2.00000e+00,  0.00000e+00,  2.00000e+00,  0.00000e+00,  0.00000e+00,  0.00000e+00],
    [ 0.00000e+00,  0.00000e+00,  0.00000e+00,  2.00000e+00,  0.00000e+00, -2.00000e+00],
    [ 0.00000e+00, -2.00000e+00,  2.00000e+00,  2.00000e+00, -2.00000e+00,  0.00000e+00]
  ],
  [
    [ 0.00000e+00,  0.00000e+00,  2.00000e+00,  0.00000e+00, -2.00000e+00,  0.00000e+00],
    [ 0.00000e+00,  2.00000e+00,  0.00000e+00,  0.00000e+00,  0.00000e+00, -2.00000e+00],
    [ 2.00000e+00,  0.00000e+00,  0.00000e+00,  2.00000e+00, -2.00000e+00, -2.00000e+00]
  ]
  ],
};