var G_CURRENT_ELEMENTAL_DATA = {
  "_stiffness_matrix" : "This is the matrix of the global stiffness matrix",
  "stiffness_matrix" :[
    [ 2.06250e+08,  4.21875e+07, -1.78125e+08, -1.40625e+07,  0.00000e+00,  0.00000e+00,  0.00000e+00,  0.00000e+00, -1.03125e+08, -4.21875e+07,  7.50000e+07,  1.40625e+07],
    [ 4.21875e+07,  1.21875e+08,  1.40625e+07, -5.15625e+07,  0.00000e+00,  0.00000e+00,  0.00000e+00,  0.00000e+00, -4.21875e+07, -6.09375e+07, -1.40625e+07, -9.37500e+06],
    [-1.78125e+08,  1.40625e+07,  4.12500e+08, -7.45058e-09, -1.78125e+08, -1.40625e+07, -1.03125e+08, -4.21875e+07,  1.50000e+08,  1.86265e-09, -1.03125e+08,  4.21875e+07],
    [-1.40625e+07, -5.15625e+07, -7.45058e-09,  2.43750e+08,  1.40625e+07, -5.15625e+07, -4.21875e+07, -6.09375e+07,  1.86265e-09, -1.87500e+07,  4.21875e+07, -6.09375e+07],
    [ 0.00000e+00,  0.00000e+00, -1.78125e+08,  1.40625e+07,  2.06250e+08, -4.21875e+07,  7.50000e+07, -1.40625e+07, -1.03125e+08,  4.21875e+07,  0.00000e+00,  0.00000e+00],
    [ 0.00000e+00,  0.00000e+00, -1.40625e+07, -5.15625e+07, -4.21875e+07,  1.21875e+08,  1.40625e+07, -9.37500e+06,  4.21875e+07, -6.09375e+07,  0.00000e+00,  0.00000e+00],
    [ 0.00000e+00,  0.00000e+00, -1.03125e+08, -4.21875e+07,  7.50000e+07,  1.40625e+07,  2.06250e+08,  4.21875e+07, -1.78125e+08, -1.40625e+07,  0.00000e+00,  0.00000e+00],
    [ 0.00000e+00,  0.00000e+00, -4.21875e+07, -6.09375e+07, -1.40625e+07, -9.37500e+06,  4.21875e+07,  1.21875e+08,  1.40625e+07, -5.15625e+07,  0.00000e+00,  0.00000e+00],
    [-1.03125e+08, -4.21875e+07,  1.50000e+08,  1.86265e-09, -1.03125e+08,  4.21875e+07, -1.78125e+08,  1.40625e+07,  4.12500e+08, -7.45058e-09, -1.78125e+08, -1.40625e+07],
    [-4.21875e+07, -6.09375e+07,  1.86265e-09, -1.87500e+07,  4.21875e+07, -6.09375e+07, -1.40625e+07, -5.15625e+07, -7.45058e-09,  2.43750e+08,  1.40625e+07, -5.15625e+07],
    [ 7.50000e+07, -1.40625e+07, -1.03125e+08,  4.21875e+07,  0.00000e+00,  0.00000e+00,  0.00000e+00,  0.00000e+00, -1.78125e+08,  1.40625e+07,  2.06250e+08, -4.21875e+07],
    [ 1.40625e+07, -9.37500e+06,  4.21875e+07, -6.09375e+07,  0.00000e+00,  0.00000e+00,  0.00000e+00,  0.00000e+00, -1.40625e+07, -5.15625e+07, -4.21875e+07,  1.21875e+08]
  ],
  "_dmat" : "This is the constitutive matrix",
  "dmat" :[
    [ 2.81250e+08,  5.62500e+07,  0.00000e+00],
    [ 5.62500e+07,  2.81250e+08,  0.00000e+00],
    [ 0.00000e+00,  0.00000e+00,  1.12500e+08]
  ],
  "_young" : "Young Modulus",
  "young" :[
    [ 2.70000e+08]
  ],
  "_poiss" : "Poission Ratio",
  "poiss" :[
    [ 2.00000e-01]
  ],
  "_pstrs" : "1 indicate Plane Stress; 0 indicate Plane Strain",
  "pstrs" :[
    [ 1.00000e+00]
  ],
  "_M" : "This is the matrix of the global stiffness matrix",
  "M" :[
  [
    [ 2.06250e+08,  4.21875e+07, -1.78125e+08, -1.40625e+07, -1.03125e+08, -4.21875e+07,  7.50000e+07,  1.40625e+07],
    [ 4.21875e+07,  1.21875e+08,  1.40625e+07, -5.15625e+07, -4.21875e+07, -6.09375e+07, -1.40625e+07, -9.37500e+06],
    [-1.78125e+08,  1.40625e+07,  2.06250e+08, -4.21875e+07,  7.50000e+07, -1.40625e+07, -1.03125e+08,  4.21875e+07],
    [-1.40625e+07, -5.15625e+07, -4.21875e+07,  1.21875e+08,  1.40625e+07, -9.37500e+06,  4.21875e+07, -6.09375e+07],
    [-1.03125e+08, -4.21875e+07,  7.50000e+07,  1.40625e+07,  2.06250e+08,  4.21875e+07, -1.78125e+08, -1.40625e+07],
    [-4.21875e+07, -6.09375e+07, -1.40625e+07, -9.37500e+06,  4.21875e+07,  1.21875e+08,  1.40625e+07, -5.15625e+07],
    [ 7.50000e+07, -1.40625e+07, -1.03125e+08,  4.21875e+07, -1.78125e+08,  1.40625e+07,  2.06250e+08, -4.21875e+07],
    [ 1.40625e+07, -9.37500e+06,  4.21875e+07, -6.09375e+07, -1.40625e+07, -5.15625e+07, -4.21875e+07,  1.21875e+08]
  ],
  [
    [ 2.06250e+08,  4.21875e+07, -1.78125e+08, -1.40625e+07, -1.03125e+08, -4.21875e+07,  7.50000e+07,  1.40625e+07],
    [ 4.21875e+07,  1.21875e+08,  1.40625e+07, -5.15625e+07, -4.21875e+07, -6.09375e+07, -1.40625e+07, -9.37500e+06],
    [-1.78125e+08,  1.40625e+07,  2.06250e+08, -4.21875e+07,  7.50000e+07, -1.40625e+07, -1.03125e+08,  4.21875e+07],
    [-1.40625e+07, -5.15625e+07, -4.21875e+07,  1.21875e+08,  1.40625e+07, -9.37500e+06,  4.21875e+07, -6.09375e+07],
    [-1.03125e+08, -4.21875e+07,  7.50000e+07,  1.40625e+07,  2.06250e+08,  4.21875e+07, -1.78125e+08, -1.40625e+07],
    [-4.21875e+07, -6.09375e+07, -1.40625e+07, -9.37500e+06,  4.21875e+07,  1.21875e+08,  1.40625e+07, -5.15625e+07],
    [ 7.50000e+07, -1.40625e+07, -1.03125e+08,  4.21875e+07, -1.78125e+08,  1.40625e+07,  2.06250e+08, -4.21875e+07],
    [ 1.40625e+07, -9.37500e+06,  4.21875e+07, -6.09375e+07, -1.40625e+07, -5.15625e+07, -4.21875e+07,  1.21875e+08]
  ]
  ],
  "_f" : "This is the vector of forces",
  "f" :[
    [ 0.00000e+00],
    [-1.25000e-01],
    [ 0.00000e+00],
    [-2.50000e-01],
    [ 0.00000e+00],
    [-1.25000e-01],
    [ 1.87500e+00],
    [-1.25000e-01],
    [ 3.75000e+00],
    [-2.50000e-01],
    [ 1.87500e+00],
    [-1.25000e-01]
  ],
  "_u" : "This is the vector of the displacements",
  "u" :[
    [ 3.02263e+07],
    [-2.36712e-09],
    [ 3.02263e+07],
    [ 1.51131e+07],
    [ 3.02263e+07],
    [ 3.02263e+07],
    [ 6.07240e-08],
    [ 3.02263e+07],
    [ 4.43147e-08],
    [ 1.51131e+07],
    [ 0.00000e+00],
    [ 0.00000e+00]
  ],
  "_lcffm" : "SF at Gauss point",
  "lcffm" :[
  [
    [ 6.22008e-01,  1.66667e-01,  4.46582e-02,  1.66667e-01]
  ],
  [
    [ 1.66667e-01,  4.46582e-02,  1.66667e-01,  6.22008e-01]
  ],
  [
    [ 1.66667e-01,  6.22008e-01,  1.66667e-01,  4.46582e-02]
  ],
  [
    [ 4.46582e-02,  1.66667e-01,  6.22008e-01,  1.66667e-01]
  ],
  [
    [ 6.22008e-01,  1.66667e-01,  4.46582e-02,  1.66667e-01]
  ],
  [
    [ 1.66667e-01,  4.46582e-02,  1.66667e-01,  6.22008e-01]
  ],
  [
    [ 1.66667e-01,  6.22008e-01,  1.66667e-01,  4.46582e-02]
  ],
  [
    [ 4.46582e-02,  1.66667e-01,  6.22008e-01,  1.66667e-01]
  ]
  ],
  "_lcder" : "SF Local derivatives",
  "lcder" :[
  [
    [-3.94338e-01,  3.94338e-01,  1.05662e-01, -1.05662e-01],
    [-3.94338e-01, -1.05662e-01,  1.05662e-01,  3.94338e-01]
  ],
  [
    [-1.05662e-01,  1.05662e-01,  3.94338e-01, -3.94338e-01],
    [-3.94338e-01, -1.05662e-01,  1.05662e-01,  3.94338e-01]
  ],
  [
    [-3.94338e-01,  3.94338e-01,  1.05662e-01, -1.05662e-01],
    [-1.05662e-01, -3.94338e-01,  3.94338e-01,  1.05662e-01]
  ],
  [
    [-1.05662e-01,  1.05662e-01,  3.94338e-01, -3.94338e-01],
    [-1.05662e-01, -3.94338e-01,  3.94338e-01,  1.05662e-01]
  ],
  [
    [-3.94338e-01,  3.94338e-01,  1.05662e-01, -1.05662e-01],
    [-3.94338e-01, -1.05662e-01,  1.05662e-01,  3.94338e-01]
  ],
  [
    [-1.05662e-01,  1.05662e-01,  3.94338e-01, -3.94338e-01],
    [-3.94338e-01, -1.05662e-01,  1.05662e-01,  3.94338e-01]
  ],
  [
    [-3.94338e-01,  3.94338e-01,  1.05662e-01, -1.05662e-01],
    [-1.05662e-01, -3.94338e-01,  3.94338e-01,  1.05662e-01]
  ],
  [
    [-1.05662e-01,  1.05662e-01,  3.94338e-01, -3.94338e-01],
    [-1.05662e-01, -3.94338e-01,  3.94338e-01,  1.05662e-01]
  ]
  ],
  "_xjacm" : "Jacobian matrix",
  "xjacm" :[
  [
    [ 2.50000e-01,  0.00000e+00],
    [ 0.00000e+00,  5.00000e-01]
  ],
  [
    [ 2.50000e-01,  0.00000e+00],
    [ 0.00000e+00,  5.00000e-01]
  ],
  [
    [ 2.50000e-01,  0.00000e+00],
    [ 0.00000e+00,  5.00000e-01]
  ],
  [
    [ 2.50000e-01,  0.00000e+00],
    [ 0.00000e+00,  5.00000e-01]
  ],
  [
    [ 2.50000e-01,  0.00000e+00],
    [ 0.00000e+00,  5.00000e-01]
  ],
  [
    [ 2.50000e-01,  0.00000e+00],
    [ 0.00000e+00,  5.00000e-01]
  ],
  [
    [ 2.50000e-01,  0.00000e+00],
    [ 0.00000e+00,  5.00000e-01]
  ],
  [
    [ 2.50000e-01,  0.00000e+00],
    [ 0.00000e+00,  5.00000e-01]
  ]
  ],
  "_ctder" : "SF Cartesian derivates",
  "ctder" :[
  [
    [-1.57735e+00,  1.57735e+00,  4.22650e-01, -4.22650e-01],
    [-7.88675e-01, -2.11325e-01,  2.11325e-01,  7.88675e-01]
  ],
  [
    [-4.22650e-01,  4.22650e-01,  1.57735e+00, -1.57735e+00],
    [-7.88675e-01, -2.11325e-01,  2.11325e-01,  7.88675e-01]
  ],
  [
    [-1.57735e+00,  1.57735e+00,  4.22650e-01, -4.22650e-01],
    [-2.11325e-01, -7.88675e-01,  7.88675e-01,  2.11325e-01]
  ],
  [
    [-4.22650e-01,  4.22650e-01,  1.57735e+00, -1.57735e+00],
    [-2.11325e-01, -7.88675e-01,  7.88675e-01,  2.11325e-01]
  ],
  [
    [-1.57735e+00,  1.57735e+00,  4.22650e-01, -4.22650e-01],
    [-7.88675e-01, -2.11325e-01,  2.11325e-01,  7.88675e-01]
  ],
  [
    [-4.22650e-01,  4.22650e-01,  1.57735e+00, -1.57735e+00],
    [-7.88675e-01, -2.11325e-01,  2.11325e-01,  7.88675e-01]
  ],
  [
    [-1.57735e+00,  1.57735e+00,  4.22650e-01, -4.22650e-01],
    [-2.11325e-01, -7.88675e-01,  7.88675e-01,  2.11325e-01]
  ],
  [
    [-4.22650e-01,  4.22650e-01,  1.57735e+00, -1.57735e+00],
    [-2.11325e-01, -7.88675e-01,  7.88675e-01,  2.11325e-01]
  ]
  ],
  "_darea" : "This is the matrix of the global stiffness matrix",
  "darea" :[
  [
    [ 1.25000e-01]
  ],
  [
    [ 1.25000e-01]
  ],
  [
    [ 1.25000e-01]
  ],
  [
    [ 1.25000e-01]
  ],
  [
    [ 1.25000e-01]
  ],
  [
    [ 1.25000e-01]
  ],
  [
    [ 1.25000e-01]
  ],
  [
    [ 1.25000e-01]
  ]
  ],
  "_bmat" : "This is the matrix of the global stiffness matrix",
  "bmat" :[
  [
    [-1.57735e+00,  0.00000e+00,  1.57735e+00,  0.00000e+00,  4.22650e-01,  0.00000e+00, -4.22650e-01,  0.00000e+00],
    [ 0.00000e+00, -7.88675e-01,  0.00000e+00, -2.11325e-01,  0.00000e+00,  2.11325e-01,  0.00000e+00,  7.88675e-01],
    [-7.88675e-01, -1.57735e+00, -2.11325e-01,  1.57735e+00,  2.11325e-01,  4.22650e-01,  7.88675e-01, -4.22650e-01]
  ],
  [
    [-4.22650e-01,  0.00000e+00,  4.22650e-01,  0.00000e+00,  1.57735e+00,  0.00000e+00, -1.57735e+00,  0.00000e+00],
    [ 0.00000e+00, -7.88675e-01,  0.00000e+00, -2.11325e-01,  0.00000e+00,  2.11325e-01,  0.00000e+00,  7.88675e-01],
    [-7.88675e-01, -4.22650e-01, -2.11325e-01,  4.22650e-01,  2.11325e-01,  1.57735e+00,  7.88675e-01, -1.57735e+00]
  ],
  [
    [-1.57735e+00,  0.00000e+00,  1.57735e+00,  0.00000e+00,  4.22650e-01,  0.00000e+00, -4.22650e-01,  0.00000e+00],
    [ 0.00000e+00, -2.11325e-01,  0.00000e+00, -7.88675e-01,  0.00000e+00,  7.88675e-01,  0.00000e+00,  2.11325e-01],
    [-2.11325e-01, -1.57735e+00, -7.88675e-01,  1.57735e+00,  7.88675e-01,  4.22650e-01,  2.11325e-01, -4.22650e-01]
  ],
  [
    [-4.22650e-01,  0.00000e+00,  4.22650e-01,  0.00000e+00,  1.57735e+00,  0.00000e+00, -1.57735e+00,  0.00000e+00],
    [ 0.00000e+00, -2.11325e-01,  0.00000e+00, -7.88675e-01,  0.00000e+00,  7.88675e-01,  0.00000e+00,  2.11325e-01],
    [-2.11325e-01, -4.22650e-01, -7.88675e-01,  4.22650e-01,  7.88675e-01,  1.57735e+00,  2.11325e-01, -1.57735e+00]
  ],
  [
    [-1.57735e+00,  0.00000e+00,  1.57735e+00,  0.00000e+00,  4.22650e-01,  0.00000e+00, -4.22650e-01,  0.00000e+00],
    [ 0.00000e+00, -7.88675e-01,  0.00000e+00, -2.11325e-01,  0.00000e+00,  2.11325e-01,  0.00000e+00,  7.88675e-01],
    [-7.88675e-01, -1.57735e+00, -2.11325e-01,  1.57735e+00,  2.11325e-01,  4.22650e-01,  7.88675e-01, -4.22650e-01]
  ],
  [
    [-4.22650e-01,  0.00000e+00,  4.22650e-01,  0.00000e+00,  1.57735e+00,  0.00000e+00, -1.57735e+00,  0.00000e+00],
    [ 0.00000e+00, -7.88675e-01,  0.00000e+00, -2.11325e-01,  0.00000e+00,  2.11325e-01,  0.00000e+00,  7.88675e-01],
    [-7.88675e-01, -4.22650e-01, -2.11325e-01,  4.22650e-01,  2.11325e-01,  1.57735e+00,  7.88675e-01, -1.57735e+00]
  ],
  [
    [-1.57735e+00,  0.00000e+00,  1.57735e+00,  0.00000e+00,  4.22650e-01,  0.00000e+00, -4.22650e-01,  0.00000e+00],
    [ 0.00000e+00, -2.11325e-01,  0.00000e+00, -7.88675e-01,  0.00000e+00,  7.88675e-01,  0.00000e+00,  2.11325e-01],
    [-2.11325e-01, -1.57735e+00, -7.88675e-01,  1.57735e+00,  7.88675e-01,  4.22650e-01,  2.11325e-01, -4.22650e-01]
  ],
  [
    [-4.22650e-01,  0.00000e+00,  4.22650e-01,  0.00000e+00,  1.57735e+00,  0.00000e+00, -1.57735e+00,  0.00000e+00],
    [ 0.00000e+00, -2.11325e-01,  0.00000e+00, -7.88675e-01,  0.00000e+00,  7.88675e-01,  0.00000e+00,  2.11325e-01],
    [-2.11325e-01, -4.22650e-01, -7.88675e-01,  4.22650e-01,  7.88675e-01,  1.57735e+00,  2.11325e-01, -1.57735e+00]
  ]
  ],
};