var G_CURRENT_ELEMENTAL_DATA = {
  "_stiffness_matrix" : "This is the matrix of the global stiffness matrix",
  "stiffness_matrix" :[
    [ 8.33333e-01, -5.83333e-01,  0.00000e+00,  0.00000e+00, -4.16667e-01,  1.66667e-01],
    [-5.83333e-01,  1.66667e+00, -5.83333e-01, -4.16667e-01,  3.33333e-01, -4.16667e-01],
    [ 0.00000e+00, -5.83333e-01,  8.33333e-01,  1.66667e-01, -4.16667e-01,  0.00000e+00],
    [ 0.00000e+00, -4.16667e-01,  1.66667e-01,  8.33333e-01, -5.83333e-01,  0.00000e+00],
    [-4.16667e-01,  3.33333e-01, -4.16667e-01, -5.83333e-01,  1.66667e+00, -5.83333e-01],
    [ 1.66667e-01, -4.16667e-01,  0.00000e+00,  0.00000e+00, -5.83333e-01,  8.33333e-01]
  ],
  "_dmat" : "This is the constitutive matrix",
  "dmat" :[
    [ 1.00000e+00,  0.00000e+00],
    [ 0.00000e+00,  1.00000e+00]
  ],
  "_young" : "Young Modulus",
  "young" :[
    [ 0.00000e+00]
  ],
  "_poiss" : "Poission Ratio",
  "poiss" :[
    [ 0.00000e+00]
  ],
  "_pstrs" : "1 indicate Plane Stress; 0 indicate Plane Strain",
  "pstrs" :[
    [ 0.00000e+00]
  ],
  "_M" : "This is the matrix of the global stiffness matrix",
  "M" :[
  [
    [ 8.33333e-01, -5.83333e-01, -4.16667e-01,  1.66667e-01],
    [-5.83333e-01,  8.33333e-01,  1.66667e-01, -4.16667e-01],
    [-4.16667e-01,  1.66667e-01,  8.33333e-01, -5.83333e-01],
    [ 1.66667e-01, -4.16667e-01, -5.83333e-01,  8.33333e-01]
  ],
  [
    [ 8.33333e-01, -5.83333e-01, -4.16667e-01,  1.66667e-01],
    [-5.83333e-01,  8.33333e-01,  1.66667e-01, -4.16667e-01],
    [-4.16667e-01,  1.66667e-01,  8.33333e-01, -5.83333e-01],
    [ 1.66667e-01, -4.16667e-01, -5.83333e-01,  8.33333e-01]
  ]
  ],
  "_f" : "This is the vector of forces",
  "f" :[
    [ 0.00000e+00],
    [ 0.00000e+00],
    [ 0.00000e+00],
    [ 0.00000e+00],
    [ 0.00000e+00],
    [ 0.00000e+00]
  ],
  "_u" : "This is the vector of the displacements",
  "u" :[
    [ 0.00000e+00],
    [ 0.00000e+00],
    [ 0.00000e+00],
    [ 0.00000e+00],
    [ 0.00000e+00],
    [ 0.00000e+00]
  ],
  "_lcffm" : "SF at Gauss point",
  "lcffm" :[
  [
    [ 6.22008e-01,  1.66667e-01,  4.46582e-02,  1.66667e-01]
  ],
  [
    [ 1.66667e-01,  4.46582e-02,  1.66667e-01,  6.22008e-01]
  ],
  [
    [ 1.66667e-01,  6.22008e-01,  1.66667e-01,  4.46582e-02]
  ],
  [
    [ 4.46582e-02,  1.66667e-01,  6.22008e-01,  1.66667e-01]
  ],
  [
    [ 6.22008e-01,  1.66667e-01,  4.46582e-02,  1.66667e-01]
  ],
  [
    [ 1.66667e-01,  4.46582e-02,  1.66667e-01,  6.22008e-01]
  ],
  [
    [ 1.66667e-01,  6.22008e-01,  1.66667e-01,  4.46582e-02]
  ],
  [
    [ 4.46582e-02,  1.66667e-01,  6.22008e-01,  1.66667e-01]
  ]
  ],
  "_lcder" : "SF Local derivatives",
  "lcder" :[
  [
    [-3.94338e-01,  3.94338e-01,  1.05662e-01, -1.05662e-01],
    [-3.94338e-01, -1.05662e-01,  1.05662e-01,  3.94338e-01]
  ],
  [
    [-1.05662e-01,  1.05662e-01,  3.94338e-01, -3.94338e-01],
    [-3.94338e-01, -1.05662e-01,  1.05662e-01,  3.94338e-01]
  ],
  [
    [-3.94338e-01,  3.94338e-01,  1.05662e-01, -1.05662e-01],
    [-1.05662e-01, -3.94338e-01,  3.94338e-01,  1.05662e-01]
  ],
  [
    [-1.05662e-01,  1.05662e-01,  3.94338e-01, -3.94338e-01],
    [-1.05662e-01, -3.94338e-01,  3.94338e-01,  1.05662e-01]
  ],
  [
    [-3.94338e-01,  3.94338e-01,  1.05662e-01, -1.05662e-01],
    [-3.94338e-01, -1.05662e-01,  1.05662e-01,  3.94338e-01]
  ],
  [
    [-1.05662e-01,  1.05662e-01,  3.94338e-01, -3.94338e-01],
    [-3.94338e-01, -1.05662e-01,  1.05662e-01,  3.94338e-01]
  ],
  [
    [-3.94338e-01,  3.94338e-01,  1.05662e-01, -1.05662e-01],
    [-1.05662e-01, -3.94338e-01,  3.94338e-01,  1.05662e-01]
  ],
  [
    [-1.05662e-01,  1.05662e-01,  3.94338e-01, -3.94338e-01],
    [-1.05662e-01, -3.94338e-01,  3.94338e-01,  1.05662e-01]
  ]
  ],
  "_xjacm" : "Jacobian matrix",
  "xjacm" :[
  [
    [ 2.50000e-01,  0.00000e+00],
    [ 0.00000e+00,  5.00000e-01]
  ],
  [
    [ 2.50000e-01,  0.00000e+00],
    [ 0.00000e+00,  5.00000e-01]
  ],
  [
    [ 2.50000e-01,  0.00000e+00],
    [ 0.00000e+00,  5.00000e-01]
  ],
  [
    [ 2.50000e-01,  0.00000e+00],
    [ 0.00000e+00,  5.00000e-01]
  ],
  [
    [ 2.50000e-01,  0.00000e+00],
    [ 0.00000e+00,  5.00000e-01]
  ],
  [
    [ 2.50000e-01,  0.00000e+00],
    [ 0.00000e+00,  5.00000e-01]
  ],
  [
    [ 2.50000e-01,  0.00000e+00],
    [ 0.00000e+00,  5.00000e-01]
  ],
  [
    [ 2.50000e-01,  0.00000e+00],
    [ 0.00000e+00,  5.00000e-01]
  ]
  ],
  "_ctder" : "SF Cartesian derivates",
  "ctder" :[
  [
    [-1.57735e+00,  1.57735e+00,  4.22650e-01, -4.22650e-01],
    [-7.88675e-01, -2.11325e-01,  2.11325e-01,  7.88675e-01]
  ],
  [
    [-4.22650e-01,  4.22650e-01,  1.57735e+00, -1.57735e+00],
    [-7.88675e-01, -2.11325e-01,  2.11325e-01,  7.88675e-01]
  ],
  [
    [-1.57735e+00,  1.57735e+00,  4.22650e-01, -4.22650e-01],
    [-2.11325e-01, -7.88675e-01,  7.88675e-01,  2.11325e-01]
  ],
  [
    [-4.22650e-01,  4.22650e-01,  1.57735e+00, -1.57735e+00],
    [-2.11325e-01, -7.88675e-01,  7.88675e-01,  2.11325e-01]
  ],
  [
    [-1.57735e+00,  1.57735e+00,  4.22650e-01, -4.22650e-01],
    [-7.88675e-01, -2.11325e-01,  2.11325e-01,  7.88675e-01]
  ],
  [
    [-4.22650e-01,  4.22650e-01,  1.57735e+00, -1.57735e+00],
    [-7.88675e-01, -2.11325e-01,  2.11325e-01,  7.88675e-01]
  ],
  [
    [-1.57735e+00,  1.57735e+00,  4.22650e-01, -4.22650e-01],
    [-2.11325e-01, -7.88675e-01,  7.88675e-01,  2.11325e-01]
  ],
  [
    [-4.22650e-01,  4.22650e-01,  1.57735e+00, -1.57735e+00],
    [-2.11325e-01, -7.88675e-01,  7.88675e-01,  2.11325e-01]
  ]
  ],
  "_darea" : "This is the matrix of the global stiffness matrix",
  "darea" :[
  [
    [ 1.25000e-01]
  ],
  [
    [ 1.25000e-01]
  ],
  [
    [ 1.25000e-01]
  ],
  [
    [ 1.25000e-01]
  ],
  [
    [ 1.25000e-01]
  ],
  [
    [ 1.25000e-01]
  ],
  [
    [ 1.25000e-01]
  ],
  [
    [ 1.25000e-01]
  ]
  ],
  "_bmat" : "This is the matrix of the global stiffness matrix",
  "bmat" :[
  [
    [-1.57735e+00,  1.57735e+00,  4.22650e-01, -4.22650e-01],
    [-7.88675e-01, -2.11325e-01,  2.11325e-01,  7.88675e-01]
  ],
  [
    [-4.22650e-01,  4.22650e-01,  1.57735e+00, -1.57735e+00],
    [-7.88675e-01, -2.11325e-01,  2.11325e-01,  7.88675e-01]
  ],
  [
    [-1.57735e+00,  1.57735e+00,  4.22650e-01, -4.22650e-01],
    [-2.11325e-01, -7.88675e-01,  7.88675e-01,  2.11325e-01]
  ],
  [
    [-4.22650e-01,  4.22650e-01,  1.57735e+00, -1.57735e+00],
    [-2.11325e-01, -7.88675e-01,  7.88675e-01,  2.11325e-01]
  ],
  [
    [-1.57735e+00,  1.57735e+00,  4.22650e-01, -4.22650e-01],
    [-7.88675e-01, -2.11325e-01,  2.11325e-01,  7.88675e-01]
  ],
  [
    [-4.22650e-01,  4.22650e-01,  1.57735e+00, -1.57735e+00],
    [-7.88675e-01, -2.11325e-01,  2.11325e-01,  7.88675e-01]
  ],
  [
    [-1.57735e+00,  1.57735e+00,  4.22650e-01, -4.22650e-01],
    [-2.11325e-01, -7.88675e-01,  7.88675e-01,  2.11325e-01]
  ],
  [
    [-4.22650e-01,  4.22650e-01,  1.57735e+00, -1.57735e+00],
    [-2.11325e-01, -7.88675e-01,  7.88675e-01,  2.11325e-01]
  ]
  ],
};