var G_CURRENT_ELEMENTAL_DATA = {
  "_stiffness_matrix" : "This is the matrix of the global stiffness matrix",
  "stiffness_matrix" :[
    [2.06250e+007, 4.21875e+006, -1.78125e+007, -1.40625e+006, 0.00000e+000, 0.00000e+000, 0.00000e+000, 0.00000e+000, -1.03125e+007, -4.21875e+006, 7.50000e+006, 1.40625e+006],
    [4.21875e+006, 1.21875e+007, 1.40625e+006, -5.15625e+006, 0.00000e+000, 0.00000e+000, 0.00000e+000, 0.00000e+000, -4.21875e+006, -6.09375e+006, -1.40625e+006, -9.37500e+005],
    [-1.78125e+007, 1.40625e+006, 4.12500e+007, 9.31323e-010, -1.78125e+007, -1.40625e+006, -1.03125e+007, -4.21875e+006, 1.50000e+007, 0.00000e+000, -1.03125e+007, 4.21875e+006],
    [-1.40625e+006, -5.15625e+006, 9.31323e-010, 2.43750e+007, 1.40625e+006, -5.15625e+006, -4.21875e+006, -6.09375e+006, 0.00000e+000, -1.87500e+006, 4.21875e+006, -6.09375e+006],
    [0.00000e+000, 0.00000e+000, -1.78125e+007, 1.40625e+006, 2.06250e+007, -4.21875e+006, 7.50000e+006, -1.40625e+006, -1.03125e+007, 4.21875e+006, 0.00000e+000, 0.00000e+000],
    [0.00000e+000, 0.00000e+000, -1.40625e+006, -5.15625e+006, -4.21875e+006, 1.21875e+007, 1.40625e+006, -9.37500e+005, 4.21875e+006, -6.09375e+006, 0.00000e+000, 0.00000e+000],
    [0.00000e+000, 0.00000e+000, -1.03125e+007, -4.21875e+006, 7.50000e+006, 1.40625e+006, 2.06250e+007, 4.21875e+006, -1.78125e+007, -1.40625e+006, 0.00000e+000, 0.00000e+000],
    [0.00000e+000, 0.00000e+000, -4.21875e+006, -6.09375e+006, -1.40625e+006, -9.37500e+005, 4.21875e+006, 1.21875e+007, 1.40625e+006, -5.15625e+006, 0.00000e+000, 0.00000e+000],
    [-1.03125e+007, -4.21875e+006, 1.50000e+007, 0.00000e+000, -1.03125e+007, 4.21875e+006, -1.78125e+007, 1.40625e+006, 4.12500e+007, -9.31323e-010, -1.78125e+007, -1.40625e+006],
    [-4.21875e+006, -6.09375e+006, 0.00000e+000, -1.87500e+006, 4.21875e+006, -6.09375e+006, -1.40625e+006, -5.15625e+006, -9.31323e-010, 2.43750e+007, 1.40625e+006, -5.15625e+006],
    [7.50000e+006, -1.40625e+006, -1.03125e+007, 4.21875e+006, 0.00000e+000, 0.00000e+000, 0.00000e+000, 0.00000e+000, -1.78125e+007, 1.40625e+006, 2.06250e+007, -4.21875e+006],
    [1.40625e+006, -9.37500e+005, 4.21875e+006, -6.09375e+006, 0.00000e+000, 0.00000e+000, 0.00000e+000, 0.00000e+000, -1.40625e+006, -5.15625e+006, -4.21875e+006, 1.21875e+007]
  ],
  "_dmat" : "This is the constitutive matrix",
  "dmat" :[
    [2.81250e+007, 5.62500e+006, 0.00000e+000],
    [5.62500e+006, 2.81250e+007, 0.00000e+000],
    [0.00000e+000, 0.00000e+000, 1.12500e+007]
  ],
  "_young" : "Young Modulus",
  "young" :[
    [2.70000e+007]
  ],
  "_poiss" : "Poission Ratio",
  "poiss" :[
    [2.00000e-001]
  ],
  "_pstrs" : "1 indicate Plane Stress; 0 indicate Plane Strain",
  "pstrs" :[
    [1.00000e+000]
  ],
  "_kx" : "Heat transfer coeffcient in X direction",
  "kx" :[
  ],
  "_ky" : "Heat transfer coeffcient in Y direction",
  "ky" :[
  ],
  "_heat" : "Heat source per area unit",
  "heat" :[
  ],
  "_M" : "This is the matrix of the global stiffness matrix",
  "M" :[
  [
    [2.06250e+007, 4.21875e+006, -1.78125e+007, -1.40625e+006, -1.03125e+007, -4.21875e+006, 7.50000e+006, 1.40625e+006],
    [4.21875e+006, 1.21875e+007, 1.40625e+006, -5.15625e+006, -4.21875e+006, -6.09375e+006, -1.40625e+006, -9.37500e+005],
    [-1.78125e+007, 1.40625e+006, 2.06250e+007, -4.21875e+006, 7.50000e+006, -1.40625e+006, -1.03125e+007, 4.21875e+006],
    [-1.40625e+006, -5.15625e+006, -4.21875e+006, 1.21875e+007, 1.40625e+006, -9.37500e+005, 4.21875e+006, -6.09375e+006],
    [-1.03125e+007, -4.21875e+006, 7.50000e+006, 1.40625e+006, 2.06250e+007, 4.21875e+006, -1.78125e+007, -1.40625e+006],
    [-4.21875e+006, -6.09375e+006, -1.40625e+006, -9.37500e+005, 4.21875e+006, 1.21875e+007, 1.40625e+006, -5.15625e+006],
    [7.50000e+006, -1.40625e+006, -1.03125e+007, 4.21875e+006, -1.78125e+007, 1.40625e+006, 2.06250e+007, -4.21875e+006],
    [1.40625e+006, -9.37500e+005, 4.21875e+006, -6.09375e+006, -1.40625e+006, -5.15625e+006, -4.21875e+006, 1.21875e+007]
  ],
  [
    [2.06250e+007, 4.21875e+006, -1.78125e+007, -1.40625e+006, -1.03125e+007, -4.21875e+006, 7.50000e+006, 1.40625e+006],
    [4.21875e+006, 1.21875e+007, 1.40625e+006, -5.15625e+006, -4.21875e+006, -6.09375e+006, -1.40625e+006, -9.37500e+005],
    [-1.78125e+007, 1.40625e+006, 2.06250e+007, -4.21875e+006, 7.50000e+006, -1.40625e+006, -1.03125e+007, 4.21875e+006],
    [-1.40625e+006, -5.15625e+006, -4.21875e+006, 1.21875e+007, 1.40625e+006, -9.37500e+005, 4.21875e+006, -6.09375e+006],
    [-1.03125e+007, -4.21875e+006, 7.50000e+006, 1.40625e+006, 2.06250e+007, 4.21875e+006, -1.78125e+007, -1.40625e+006],
    [-4.21875e+006, -6.09375e+006, -1.40625e+006, -9.37500e+005, 4.21875e+006, 1.21875e+007, 1.40625e+006, -5.15625e+006],
    [7.50000e+006, -1.40625e+006, -1.03125e+007, 4.21875e+006, -1.78125e+007, 1.40625e+006, 2.06250e+007, -4.21875e+006],
    [1.40625e+006, -9.37500e+005, 4.21875e+006, -6.09375e+006, -1.40625e+006, -5.15625e+006, -4.21875e+006, 1.21875e+007]
  ]
  ],
  "_f" : "This is the vector of forces",
  "f" :[
    [0.00000e+000],
    [-1.25000e-001],
    [0.00000e+000],
    [-2.50000e-001],
    [0.00000e+000],
    [-1.25000e-001],
    [0.00000e+000],
    [-1.25000e-001],
    [0.00000e+000],
    [-2.50000e-001],
    [0.00000e+000],
    [-1.25000e-001]
  ],
  "_u" : "This is the vector of the displacements",
  "u" :[
    [0.00000e+000],
    [0.00000e+000],
    [-4.75158e-008],
    [-2.68435e+008],
    [-1.18054e-007],
    [-5.36871e+008],
    [5.36871e+008],
    [-5.36871e+008],
    [5.36871e+008],
    [-2.68435e+008],
    [5.36871e+008],
    [-3.50824e-007]
  ],
  "_lcffm" : "SF at Gauss point",
  "lcffm" :[
  [
    [6.22008e-001, 1.66667e-001, 4.46582e-002, 1.66667e-001]
  ],
  [
    [1.66667e-001, 4.46582e-002, 1.66667e-001, 6.22008e-001]
  ],
  [
    [1.66667e-001, 6.22008e-001, 1.66667e-001, 4.46582e-002]
  ],
  [
    [4.46582e-002, 1.66667e-001, 6.22008e-001, 1.66667e-001]
  ],
  [
    [6.22008e-001, 1.66667e-001, 4.46582e-002, 1.66667e-001]
  ],
  [
    [1.66667e-001, 4.46582e-002, 1.66667e-001, 6.22008e-001]
  ],
  [
    [1.66667e-001, 6.22008e-001, 1.66667e-001, 4.46582e-002]
  ],
  [
    [4.46582e-002, 1.66667e-001, 6.22008e-001, 1.66667e-001]
  ]
  ],
  "_lcder" : "SF Local derivatives",
  "lcder" :[
  [
    [-3.94338e-001, 3.94338e-001, 1.05662e-001, -1.05662e-001],
    [-3.94338e-001, -1.05662e-001, 1.05662e-001, 3.94338e-001]
  ],
  [
    [-1.05662e-001, 1.05662e-001, 3.94338e-001, -3.94338e-001],
    [-3.94338e-001, -1.05662e-001, 1.05662e-001, 3.94338e-001]
  ],
  [
    [-3.94338e-001, 3.94338e-001, 1.05662e-001, -1.05662e-001],
    [-1.05662e-001, -3.94338e-001, 3.94338e-001, 1.05662e-001]
  ],
  [
    [-1.05662e-001, 1.05662e-001, 3.94338e-001, -3.94338e-001],
    [-1.05662e-001, -3.94338e-001, 3.94338e-001, 1.05662e-001]
  ],
  [
    [-3.94338e-001, 3.94338e-001, 1.05662e-001, -1.05662e-001],
    [-3.94338e-001, -1.05662e-001, 1.05662e-001, 3.94338e-001]
  ],
  [
    [-1.05662e-001, 1.05662e-001, 3.94338e-001, -3.94338e-001],
    [-3.94338e-001, -1.05662e-001, 1.05662e-001, 3.94338e-001]
  ],
  [
    [-3.94338e-001, 3.94338e-001, 1.05662e-001, -1.05662e-001],
    [-1.05662e-001, -3.94338e-001, 3.94338e-001, 1.05662e-001]
  ],
  [
    [-1.05662e-001, 1.05662e-001, 3.94338e-001, -3.94338e-001],
    [-1.05662e-001, -3.94338e-001, 3.94338e-001, 1.05662e-001]
  ]
  ],
  "_xjacm" : "Jacobian matrix",
  "xjacm" :[
  [
    [2.50000e-001, 0.00000e+000],
    [0.00000e+000, 5.00000e-001]
  ],
  [
    [2.50000e-001, 0.00000e+000],
    [0.00000e+000, 5.00000e-001]
  ],
  [
    [2.50000e-001, 0.00000e+000],
    [0.00000e+000, 5.00000e-001]
  ],
  [
    [2.50000e-001, 0.00000e+000],
    [0.00000e+000, 5.00000e-001]
  ],
  [
    [2.50000e-001, 0.00000e+000],
    [0.00000e+000, 5.00000e-001]
  ],
  [
    [2.50000e-001, 0.00000e+000],
    [0.00000e+000, 5.00000e-001]
  ],
  [
    [2.50000e-001, 0.00000e+000],
    [0.00000e+000, 5.00000e-001]
  ],
  [
    [2.50000e-001, 0.00000e+000],
    [0.00000e+000, 5.00000e-001]
  ]
  ],
  "_ctder" : "SF Cartesian derivates",
  "ctder" :[
  [
    [-1.57735e+000, 1.57735e+000, 4.22650e-001, -4.22650e-001],
    [-7.88675e-001, -2.11325e-001, 2.11325e-001, 7.88675e-001]
  ],
  [
    [-4.22650e-001, 4.22650e-001, 1.57735e+000, -1.57735e+000],
    [-7.88675e-001, -2.11325e-001, 2.11325e-001, 7.88675e-001]
  ],
  [
    [-1.57735e+000, 1.57735e+000, 4.22650e-001, -4.22650e-001],
    [-2.11325e-001, -7.88675e-001, 7.88675e-001, 2.11325e-001]
  ],
  [
    [-4.22650e-001, 4.22650e-001, 1.57735e+000, -1.57735e+000],
    [-2.11325e-001, -7.88675e-001, 7.88675e-001, 2.11325e-001]
  ],
  [
    [-1.57735e+000, 1.57735e+000, 4.22650e-001, -4.22650e-001],
    [-7.88675e-001, -2.11325e-001, 2.11325e-001, 7.88675e-001]
  ],
  [
    [-4.22650e-001, 4.22650e-001, 1.57735e+000, -1.57735e+000],
    [-7.88675e-001, -2.11325e-001, 2.11325e-001, 7.88675e-001]
  ],
  [
    [-1.57735e+000, 1.57735e+000, 4.22650e-001, -4.22650e-001],
    [-2.11325e-001, -7.88675e-001, 7.88675e-001, 2.11325e-001]
  ],
  [
    [-4.22650e-001, 4.22650e-001, 1.57735e+000, -1.57735e+000],
    [-2.11325e-001, -7.88675e-001, 7.88675e-001, 2.11325e-001]
  ]
  ],
  "_darea" : "This is the matrix of the global stiffness matrix",
  "darea" :[
  [
    [1.25000e-001]
  ],
  [
    [1.25000e-001]
  ],
  [
    [1.25000e-001]
  ],
  [
    [1.25000e-001]
  ],
  [
    [1.25000e-001]
  ],
  [
    [1.25000e-001]
  ],
  [
    [1.25000e-001]
  ],
  [
    [1.25000e-001]
  ]
  ],
  "_bmat" : "This is the matrix of the global stiffness matrix",
  "bmat" :[
  [
    [-1.57735e+000, 0.00000e+000, 1.57735e+000, 0.00000e+000, 4.22650e-001, 0.00000e+000, -4.22650e-001, 0.00000e+000],
    [0.00000e+000, -7.88675e-001, 0.00000e+000, -2.11325e-001, 0.00000e+000, 2.11325e-001, 0.00000e+000, 7.88675e-001],
    [-7.88675e-001, -1.57735e+000, -2.11325e-001, 1.57735e+000, 2.11325e-001, 4.22650e-001, 7.88675e-001, -4.22650e-001]
  ],
  [
    [-4.22650e-001, 0.00000e+000, 4.22650e-001, 0.00000e+000, 1.57735e+000, 0.00000e+000, -1.57735e+000, 0.00000e+000],
    [0.00000e+000, -7.88675e-001, 0.00000e+000, -2.11325e-001, 0.00000e+000, 2.11325e-001, 0.00000e+000, 7.88675e-001],
    [-7.88675e-001, -4.22650e-001, -2.11325e-001, 4.22650e-001, 2.11325e-001, 1.57735e+000, 7.88675e-001, -1.57735e+000]
  ],
  [
    [-1.57735e+000, 0.00000e+000, 1.57735e+000, 0.00000e+000, 4.22650e-001, 0.00000e+000, -4.22650e-001, 0.00000e+000],
    [0.00000e+000, -2.11325e-001, 0.00000e+000, -7.88675e-001, 0.00000e+000, 7.88675e-001, 0.00000e+000, 2.11325e-001],
    [-2.11325e-001, -1.57735e+000, -7.88675e-001, 1.57735e+000, 7.88675e-001, 4.22650e-001, 2.11325e-001, -4.22650e-001]
  ],
  [
    [-4.22650e-001, 0.00000e+000, 4.22650e-001, 0.00000e+000, 1.57735e+000, 0.00000e+000, -1.57735e+000, 0.00000e+000],
    [0.00000e+000, -2.11325e-001, 0.00000e+000, -7.88675e-001, 0.00000e+000, 7.88675e-001, 0.00000e+000, 2.11325e-001],
    [-2.11325e-001, -4.22650e-001, -7.88675e-001, 4.22650e-001, 7.88675e-001, 1.57735e+000, 2.11325e-001, -1.57735e+000]
  ],
  [
    [-1.57735e+000, 0.00000e+000, 1.57735e+000, 0.00000e+000, 4.22650e-001, 0.00000e+000, -4.22650e-001, 0.00000e+000],
    [0.00000e+000, -7.88675e-001, 0.00000e+000, -2.11325e-001, 0.00000e+000, 2.11325e-001, 0.00000e+000, 7.88675e-001],
    [-7.88675e-001, -1.57735e+000, -2.11325e-001, 1.57735e+000, 2.11325e-001, 4.22650e-001, 7.88675e-001, -4.22650e-001]
  ],
  [
    [-4.22650e-001, 0.00000e+000, 4.22650e-001, 0.00000e+000, 1.57735e+000, 0.00000e+000, -1.57735e+000, 0.00000e+000],
    [0.00000e+000, -7.88675e-001, 0.00000e+000, -2.11325e-001, 0.00000e+000, 2.11325e-001, 0.00000e+000, 7.88675e-001],
    [-7.88675e-001, -4.22650e-001, -2.11325e-001, 4.22650e-001, 2.11325e-001, 1.57735e+000, 7.88675e-001, -1.57735e+000]
  ],
  [
    [-1.57735e+000, 0.00000e+000, 1.57735e+000, 0.00000e+000, 4.22650e-001, 0.00000e+000, -4.22650e-001, 0.00000e+000],
    [0.00000e+000, -2.11325e-001, 0.00000e+000, -7.88675e-001, 0.00000e+000, 7.88675e-001, 0.00000e+000, 2.11325e-001],
    [-2.11325e-001, -1.57735e+000, -7.88675e-001, 1.57735e+000, 7.88675e-001, 4.22650e-001, 2.11325e-001, -4.22650e-001]
  ],
  [
    [-4.22650e-001, 0.00000e+000, 4.22650e-001, 0.00000e+000, 1.57735e+000, 0.00000e+000, -1.57735e+000, 0.00000e+000],
    [0.00000e+000, -2.11325e-001, 0.00000e+000, -7.88675e-001, 0.00000e+000, 7.88675e-001, 0.00000e+000, 2.11325e-001],
    [-2.11325e-001, -4.22650e-001, -7.88675e-001, 4.22650e-001, 7.88675e-001, 1.57735e+000, 2.11325e-001, -1.57735e+000]
  ]
  ],
};