var G_CURRENT_ELEMENTAL_DATA = {
  "_stiffness_matrix" : "This is the matrix of the global stiffness matrix",
  "stiffness_matrix" :[
    [-1.34161e+05, -4.19255e+04,  7.54658e+04,  1.67702e+04,  0.00000e+00,  0.00000e+00, -8.38509e+03, -1.67702e+04,  6.70807e+04,  4.19255e+04,  0.00000e+00,  0.00000e+00,  0.00000e+00,  0.00000e+00,  0.00000e+00,  0.00000e+00,  0.00000e+00,  0.00000e+00],
    [-4.19255e+04, -1.34161e+05, -1.67702e+04, -8.38509e+03,  0.00000e+00,  0.00000e+00,  1.67702e+04,  7.54658e+04,  4.19255e+04,  6.70807e+04,  0.00000e+00,  0.00000e+00,  0.00000e+00,  0.00000e+00,  0.00000e+00,  0.00000e+00,  0.00000e+00,  0.00000e+00],
    [ 7.54658e+04, -1.67702e+04, -2.68323e+05,  0.00000e+00,  7.54658e+04,  1.67702e+04,  6.70807e+04, -4.19255e+04, -1.67702e+04,  0.00000e+00,  6.70807e+04,  4.19255e+04,  0.00000e+00,  0.00000e+00,  0.00000e+00,  0.00000e+00,  0.00000e+00,  0.00000e+00],
    [ 1.67702e+04, -8.38509e+03,  0.00000e+00, -2.68323e+05, -1.67702e+04, -8.38509e+03, -4.19255e+04,  6.70807e+04,  3.63798e-12,  1.50932e+05,  4.19255e+04,  6.70807e+04,  0.00000e+00,  0.00000e+00,  0.00000e+00,  0.00000e+00,  0.00000e+00,  0.00000e+00],
    [ 0.00000e+00,  0.00000e+00,  7.54658e+04, -1.67702e+04, -1.34161e+05,  4.19255e+04,  0.00000e+00,  0.00000e+00,  6.70807e+04, -4.19255e+04, -8.38509e+03,  1.67702e+04,  0.00000e+00,  0.00000e+00,  0.00000e+00,  0.00000e+00,  0.00000e+00,  0.00000e+00],
    [ 0.00000e+00,  0.00000e+00,  1.67702e+04, -8.38509e+03,  4.19255e+04, -1.34161e+05,  0.00000e+00,  0.00000e+00, -4.19255e+04,  6.70807e+04, -1.67702e+04,  7.54658e+04,  0.00000e+00,  0.00000e+00,  0.00000e+00,  0.00000e+00,  0.00000e+00,  0.00000e+00],
    [-8.38509e+03,  1.67702e+04,  6.70807e+04, -4.19255e+04,  0.00000e+00,  0.00000e+00, -2.68323e+05,  7.27596e-12,  1.50932e+05, -7.27596e-12,  0.00000e+00,  0.00000e+00, -8.38509e+03, -1.67702e+04,  6.70807e+04,  4.19255e+04,  0.00000e+00,  0.00000e+00],
    [-1.67702e+04,  7.54658e+04, -4.19255e+04,  6.70807e+04,  0.00000e+00,  0.00000e+00,  7.27596e-12, -2.68323e+05,  0.00000e+00, -1.67702e+04,  0.00000e+00,  0.00000e+00,  1.67702e+04,  7.54658e+04,  4.19255e+04,  6.70807e+04,  0.00000e+00,  0.00000e+00],
    [ 6.70807e+04,  4.19255e+04, -1.67702e+04,  3.63798e-12,  6.70807e+04, -4.19255e+04,  1.50932e+05,  0.00000e+00, -5.36646e+05,  1.45519e-11,  1.50932e+05, -7.27596e-12,  6.70807e+04, -4.19255e+04, -1.67702e+04,  0.00000e+00,  6.70807e+04,  4.19255e+04],
    [ 4.19255e+04,  6.70807e+04,  0.00000e+00,  1.50932e+05, -4.19255e+04,  6.70807e+04, -7.27596e-12, -1.67702e+04,  7.27596e-12, -5.36646e+05,  0.00000e+00, -1.67702e+04, -4.19255e+04,  6.70807e+04,  0.00000e+00,  1.50932e+05,  4.19255e+04,  6.70807e+04],
    [ 0.00000e+00,  0.00000e+00,  6.70807e+04,  4.19255e+04, -8.38509e+03, -1.67702e+04,  0.00000e+00,  0.00000e+00,  1.50932e+05,  0.00000e+00, -2.68323e+05,  7.27596e-12,  0.00000e+00,  0.00000e+00,  6.70807e+04, -4.19255e+04, -8.38509e+03,  1.67702e+04],
    [ 0.00000e+00,  0.00000e+00,  4.19255e+04,  6.70807e+04,  1.67702e+04,  7.54658e+04,  0.00000e+00,  0.00000e+00, -7.27596e-12, -1.67702e+04,  0.00000e+00, -2.68323e+05,  0.00000e+00,  0.00000e+00, -4.19255e+04,  6.70807e+04, -1.67702e+04,  7.54658e+04],
    [ 0.00000e+00,  0.00000e+00,  0.00000e+00,  0.00000e+00,  0.00000e+00,  0.00000e+00, -8.38509e+03,  1.67702e+04,  6.70807e+04, -4.19255e+04,  0.00000e+00,  0.00000e+00, -1.34161e+05,  4.19255e+04,  7.54658e+04, -1.67702e+04,  0.00000e+00,  0.00000e+00],
    [ 0.00000e+00,  0.00000e+00,  0.00000e+00,  0.00000e+00,  0.00000e+00,  0.00000e+00, -1.67702e+04,  7.54658e+04, -4.19255e+04,  6.70807e+04,  0.00000e+00,  0.00000e+00,  4.19255e+04, -1.34161e+05,  1.67702e+04, -8.38509e+03,  0.00000e+00,  0.00000e+00],
    [ 0.00000e+00,  0.00000e+00,  0.00000e+00,  0.00000e+00,  0.00000e+00,  0.00000e+00,  6.70807e+04,  4.19255e+04, -1.67702e+04,  0.00000e+00,  6.70807e+04, -4.19255e+04,  7.54658e+04,  1.67702e+04, -2.68323e+05,  0.00000e+00,  7.54658e+04, -1.67702e+04],
    [ 0.00000e+00,  0.00000e+00,  0.00000e+00,  0.00000e+00,  0.00000e+00,  0.00000e+00,  4.19255e+04,  6.70807e+04,  0.00000e+00,  1.50932e+05, -4.19255e+04,  6.70807e+04, -1.67702e+04, -8.38509e+03,  0.00000e+00, -2.68323e+05,  1.67702e+04, -8.38509e+03],
    [ 0.00000e+00,  0.00000e+00,  0.00000e+00,  0.00000e+00,  0.00000e+00,  0.00000e+00,  0.00000e+00,  0.00000e+00,  6.70807e+04,  4.19255e+04, -8.38509e+03, -1.67702e+04,  0.00000e+00,  0.00000e+00,  7.54658e+04,  1.67702e+04, -1.34161e+05, -4.19255e+04],
    [ 0.00000e+00,  0.00000e+00,  0.00000e+00,  0.00000e+00,  0.00000e+00,  0.00000e+00,  0.00000e+00,  0.00000e+00,  4.19255e+04,  6.70807e+04,  1.67702e+04,  7.54658e+04,  0.00000e+00,  0.00000e+00, -1.67702e+04, -8.38509e+03, -4.19255e+04, -1.34161e+05]
  ],
  "_dmat" : "This is the constitutive matrix",
  "dmat" :[
    [ 2.85093e+05,  5.03106e+04,  0.00000e+00],
    [ 5.03106e+04,  2.85093e+05,  0.00000e+00],
    [ 0.00000e+00,  0.00000e+00,  1.17391e+05]
  ],
  "_young" : "Young Modulus",
  "young" :[
    [ 2.70000e+05]
  ],
  "_poiss" : "Poission Ratio",
  "poiss" :[
    [ 1.50000e-01]
  ],
  "_pstrs" : "1 indicate Plane Stress; 0 indicate Plane Strain",
  "pstrs" :[
    [ 0.00000e+00]
  ],
  "_M" : "This is the matrix of the global stiffness matrix",
  "M" :[
  [
    [-1.34161e+05, -4.19255e+04, -8.38509e+03, -1.67702e+04,  6.70807e+04,  4.19255e+04,  7.54658e+04,  1.67702e+04],
    [-4.19255e+04, -1.34161e+05,  1.67702e+04,  7.54658e+04,  4.19255e+04,  6.70807e+04, -1.67702e+04, -8.38509e+03],
    [-8.38509e+03,  1.67702e+04, -1.34161e+05,  4.19255e+04,  7.54658e+04, -1.67702e+04,  6.70807e+04, -4.19255e+04],
    [-1.67702e+04,  7.54658e+04,  4.19255e+04, -1.34161e+05,  1.67702e+04, -8.38509e+03, -4.19255e+04,  6.70807e+04],
    [ 6.70807e+04,  4.19255e+04,  7.54658e+04,  1.67702e+04, -1.34161e+05, -4.19255e+04, -8.38509e+03, -1.67702e+04],
    [ 4.19255e+04,  6.70807e+04, -1.67702e+04, -8.38509e+03, -4.19255e+04, -1.34161e+05,  1.67702e+04,  7.54658e+04],
    [ 7.54658e+04, -1.67702e+04,  6.70807e+04, -4.19255e+04, -8.38509e+03,  1.67702e+04, -1.34161e+05,  4.19255e+04],
    [ 1.67702e+04, -8.38509e+03, -4.19255e+04,  6.70807e+04, -1.67702e+04,  7.54658e+04,  4.19255e+04, -1.34161e+05]
  ],
  [
    [-1.34161e+05, -4.19255e+04, -8.38509e+03, -1.67702e+04,  6.70807e+04,  4.19255e+04,  7.54658e+04,  1.67702e+04],
    [-4.19255e+04, -1.34161e+05,  1.67702e+04,  7.54658e+04,  4.19255e+04,  6.70807e+04, -1.67702e+04, -8.38509e+03],
    [-8.38509e+03,  1.67702e+04, -1.34161e+05,  4.19255e+04,  7.54658e+04, -1.67702e+04,  6.70807e+04, -4.19255e+04],
    [-1.67702e+04,  7.54658e+04,  4.19255e+04, -1.34161e+05,  1.67702e+04, -8.38509e+03, -4.19255e+04,  6.70807e+04],
    [ 6.70807e+04,  4.19255e+04,  7.54658e+04,  1.67702e+04, -1.34161e+05, -4.19255e+04, -8.38509e+03, -1.67702e+04],
    [ 4.19255e+04,  6.70807e+04, -1.67702e+04, -8.38509e+03, -4.19255e+04, -1.34161e+05,  1.67702e+04,  7.54658e+04],
    [ 7.54658e+04, -1.67702e+04,  6.70807e+04, -4.19255e+04, -8.38509e+03,  1.67702e+04, -1.34161e+05,  4.19255e+04],
    [ 1.67702e+04, -8.38509e+03, -4.19255e+04,  6.70807e+04, -1.67702e+04,  7.54658e+04,  4.19255e+04, -1.34161e+05]
  ],
  [
    [-1.34161e+05, -4.19255e+04, -8.38509e+03, -1.67702e+04,  6.70807e+04,  4.19255e+04,  7.54658e+04,  1.67702e+04],
    [-4.19255e+04, -1.34161e+05,  1.67702e+04,  7.54658e+04,  4.19255e+04,  6.70807e+04, -1.67702e+04, -8.38509e+03],
    [-8.38509e+03,  1.67702e+04, -1.34161e+05,  4.19255e+04,  7.54658e+04, -1.67702e+04,  6.70807e+04, -4.19255e+04],
    [-1.67702e+04,  7.54658e+04,  4.19255e+04, -1.34161e+05,  1.67702e+04, -8.38509e+03, -4.19255e+04,  6.70807e+04],
    [ 6.70807e+04,  4.19255e+04,  7.54658e+04,  1.67702e+04, -1.34161e+05, -4.19255e+04, -8.38509e+03, -1.67702e+04],
    [ 4.19255e+04,  6.70807e+04, -1.67702e+04, -8.38509e+03, -4.19255e+04, -1.34161e+05,  1.67702e+04,  7.54658e+04],
    [ 7.54658e+04, -1.67702e+04,  6.70807e+04, -4.19255e+04, -8.38509e+03,  1.67702e+04, -1.34161e+05,  4.19255e+04],
    [ 1.67702e+04, -8.38509e+03, -4.19255e+04,  6.70807e+04, -1.67702e+04,  7.54658e+04,  4.19255e+04, -1.34161e+05]
  ],
  [
    [-1.34161e+05, -4.19255e+04, -8.38509e+03, -1.67702e+04,  6.70807e+04,  4.19255e+04,  7.54658e+04,  1.67702e+04],
    [-4.19255e+04, -1.34161e+05,  1.67702e+04,  7.54658e+04,  4.19255e+04,  6.70807e+04, -1.67702e+04, -8.38509e+03],
    [-8.38509e+03,  1.67702e+04, -1.34161e+05,  4.19255e+04,  7.54658e+04, -1.67702e+04,  6.70807e+04, -4.19255e+04],
    [-1.67702e+04,  7.54658e+04,  4.19255e+04, -1.34161e+05,  1.67702e+04, -8.38509e+03, -4.19255e+04,  6.70807e+04],
    [ 6.70807e+04,  4.19255e+04,  7.54658e+04,  1.67702e+04, -1.34161e+05, -4.19255e+04, -8.38509e+03, -1.67702e+04],
    [ 4.19255e+04,  6.70807e+04, -1.67702e+04, -8.38509e+03, -4.19255e+04, -1.34161e+05,  1.67702e+04,  7.54658e+04],
    [ 7.54658e+04, -1.67702e+04,  6.70807e+04, -4.19255e+04, -8.38509e+03,  1.67702e+04, -1.34161e+05,  4.19255e+04],
    [ 1.67702e+04, -8.38509e+03, -4.19255e+04,  6.70807e+04, -1.67702e+04,  7.54658e+04,  4.19255e+04, -1.34161e+05]
  ]
  ],
  "_f" : "This is the vector of forces",
  "f" :[
    [ 0.00000e+00],
    [ 3.81250e+00],
    [ 0.00000e+00],
    [ 7.62500e+00],
    [ 0.00000e+00],
    [ 3.81250e+00],
    [ 0.00000e+00],
    [ 1.25000e-01],
    [ 0.00000e+00],
    [ 2.50000e-01],
    [ 0.00000e+00],
    [ 1.25000e-01],
    [ 0.00000e+00],
    [ 6.25000e-02],
    [ 0.00000e+00],
    [ 1.25000e-01],
    [ 0.00000e+00],
    [ 6.25000e-02]
  ],
  "_u" : "This is the vector of the displacements",
  "u" :[
    [ 0.00000e+00],
    [ 0.00000e+00],
    [-1.48409e-05],
    [-9.46166e+09],
    [-1.59968e-05],
    [-1.89233e+10],
    [ 9.46166e+09],
    [-3.03876e-05],
    [ 9.46166e+09],
    [-9.46166e+09],
    [ 9.46166e+09],
    [-1.89233e+10],
    [ 1.89233e+10],
    [-3.54805e-05],
    [ 1.89233e+10],
    [-9.46166e+09],
    [ 1.89233e+10],
    [-1.89233e+10]
  ],
  "_lcffm" : "SF at Gauss point",
  "lcffm" :[
  [
    [ 6.22008e-01,  1.66667e-01,  4.46582e-02,  1.66667e-01]
  ],
  [
    [ 1.66667e-01,  4.46582e-02,  1.66667e-01,  6.22008e-01]
  ],
  [
    [ 1.66667e-01,  6.22008e-01,  1.66667e-01,  4.46582e-02]
  ],
  [
    [ 4.46582e-02,  1.66667e-01,  6.22008e-01,  1.66667e-01]
  ],
  [
    [ 6.22008e-01,  1.66667e-01,  4.46582e-02,  1.66667e-01]
  ],
  [
    [ 1.66667e-01,  4.46582e-02,  1.66667e-01,  6.22008e-01]
  ],
  [
    [ 1.66667e-01,  6.22008e-01,  1.66667e-01,  4.46582e-02]
  ],
  [
    [ 4.46582e-02,  1.66667e-01,  6.22008e-01,  1.66667e-01]
  ],
  [
    [ 6.22008e-01,  1.66667e-01,  4.46582e-02,  1.66667e-01]
  ],
  [
    [ 1.66667e-01,  4.46582e-02,  1.66667e-01,  6.22008e-01]
  ],
  [
    [ 1.66667e-01,  6.22008e-01,  1.66667e-01,  4.46582e-02]
  ],
  [
    [ 4.46582e-02,  1.66667e-01,  6.22008e-01,  1.66667e-01]
  ],
  [
    [ 6.22008e-01,  1.66667e-01,  4.46582e-02,  1.66667e-01]
  ],
  [
    [ 1.66667e-01,  4.46582e-02,  1.66667e-01,  6.22008e-01]
  ],
  [
    [ 1.66667e-01,  6.22008e-01,  1.66667e-01,  4.46582e-02]
  ],
  [
    [ 4.46582e-02,  1.66667e-01,  6.22008e-01,  1.66667e-01]
  ]
  ],
  "_lcder" : "SF Local derivatives",
  "lcder" :[
  [
    [-3.94338e-01,  3.94338e-01,  1.05662e-01, -1.05662e-01],
    [-3.94338e-01, -1.05662e-01,  1.05662e-01,  3.94338e-01]
  ],
  [
    [-1.05662e-01,  1.05662e-01,  3.94338e-01, -3.94338e-01],
    [-3.94338e-01, -1.05662e-01,  1.05662e-01,  3.94338e-01]
  ],
  [
    [-3.94338e-01,  3.94338e-01,  1.05662e-01, -1.05662e-01],
    [-1.05662e-01, -3.94338e-01,  3.94338e-01,  1.05662e-01]
  ],
  [
    [-1.05662e-01,  1.05662e-01,  3.94338e-01, -3.94338e-01],
    [-1.05662e-01, -3.94338e-01,  3.94338e-01,  1.05662e-01]
  ],
  [
    [-3.94338e-01,  3.94338e-01,  1.05662e-01, -1.05662e-01],
    [-3.94338e-01, -1.05662e-01,  1.05662e-01,  3.94338e-01]
  ],
  [
    [-1.05662e-01,  1.05662e-01,  3.94338e-01, -3.94338e-01],
    [-3.94338e-01, -1.05662e-01,  1.05662e-01,  3.94338e-01]
  ],
  [
    [-3.94338e-01,  3.94338e-01,  1.05662e-01, -1.05662e-01],
    [-1.05662e-01, -3.94338e-01,  3.94338e-01,  1.05662e-01]
  ],
  [
    [-1.05662e-01,  1.05662e-01,  3.94338e-01, -3.94338e-01],
    [-1.05662e-01, -3.94338e-01,  3.94338e-01,  1.05662e-01]
  ],
  [
    [-3.94338e-01,  3.94338e-01,  1.05662e-01, -1.05662e-01],
    [-3.94338e-01, -1.05662e-01,  1.05662e-01,  3.94338e-01]
  ],
  [
    [-1.05662e-01,  1.05662e-01,  3.94338e-01, -3.94338e-01],
    [-3.94338e-01, -1.05662e-01,  1.05662e-01,  3.94338e-01]
  ],
  [
    [-3.94338e-01,  3.94338e-01,  1.05662e-01, -1.05662e-01],
    [-1.05662e-01, -3.94338e-01,  3.94338e-01,  1.05662e-01]
  ],
  [
    [-1.05662e-01,  1.05662e-01,  3.94338e-01, -3.94338e-01],
    [-1.05662e-01, -3.94338e-01,  3.94338e-01,  1.05662e-01]
  ],
  [
    [-3.94338e-01,  3.94338e-01,  1.05662e-01, -1.05662e-01],
    [-3.94338e-01, -1.05662e-01,  1.05662e-01,  3.94338e-01]
  ],
  [
    [-1.05662e-01,  1.05662e-01,  3.94338e-01, -3.94338e-01],
    [-3.94338e-01, -1.05662e-01,  1.05662e-01,  3.94338e-01]
  ],
  [
    [-3.94338e-01,  3.94338e-01,  1.05662e-01, -1.05662e-01],
    [-1.05662e-01, -3.94338e-01,  3.94338e-01,  1.05662e-01]
  ],
  [
    [-1.05662e-01,  1.05662e-01,  3.94338e-01, -3.94338e-01],
    [-1.05662e-01, -3.94338e-01,  3.94338e-01,  1.05662e-01]
  ]
  ],
  "_xjacm" : "Jacobian matrix",
  "xjacm" :[
  [
    [ 0.00000e+00,  2.50000e-01],
    [ 2.50000e-01,  0.00000e+00]
  ],
  [
    [ 0.00000e+00,  2.50000e-01],
    [ 2.50000e-01,  0.00000e+00]
  ],
  [
    [ 0.00000e+00,  2.50000e-01],
    [ 2.50000e-01,  0.00000e+00]
  ],
  [
    [ 0.00000e+00,  2.50000e-01],
    [ 2.50000e-01,  0.00000e+00]
  ],
  [
    [ 0.00000e+00,  2.50000e-01],
    [ 2.50000e-01,  0.00000e+00]
  ],
  [
    [ 0.00000e+00,  2.50000e-01],
    [ 2.50000e-01,  0.00000e+00]
  ],
  [
    [ 0.00000e+00,  2.50000e-01],
    [ 2.50000e-01,  0.00000e+00]
  ],
  [
    [ 0.00000e+00,  2.50000e-01],
    [ 2.50000e-01,  0.00000e+00]
  ],
  [
    [ 0.00000e+00,  2.50000e-01],
    [ 2.50000e-01,  2.77556e-17]
  ],
  [
    [ 0.00000e+00,  2.50000e-01],
    [ 2.50000e-01,  2.77556e-17]
  ],
  [
    [ 0.00000e+00,  2.50000e-01],
    [ 2.50000e-01, -2.77556e-17]
  ],
  [
    [ 0.00000e+00,  2.50000e-01],
    [ 2.50000e-01, -2.77556e-17]
  ],
  [
    [ 0.00000e+00,  2.50000e-01],
    [ 2.50000e-01,  2.77556e-17]
  ],
  [
    [ 0.00000e+00,  2.50000e-01],
    [ 2.50000e-01,  2.77556e-17]
  ],
  [
    [ 0.00000e+00,  2.50000e-01],
    [ 2.50000e-01, -2.77556e-17]
  ],
  [
    [ 0.00000e+00,  2.50000e-01],
    [ 2.50000e-01, -2.77556e-17]
  ]
  ],
  "_ctder" : "SF Cartesian derivates",
  "ctder" :[
  [
    [-1.57735e+00, -4.22650e-01,  4.22650e-01,  1.57735e+00],
    [-1.57735e+00,  1.57735e+00,  4.22650e-01, -4.22650e-01]
  ],
  [
    [-1.57735e+00, -4.22650e-01,  4.22650e-01,  1.57735e+00],
    [-4.22650e-01,  4.22650e-01,  1.57735e+00, -1.57735e+00]
  ],
  [
    [-4.22650e-01, -1.57735e+00,  1.57735e+00,  4.22650e-01],
    [-1.57735e+00,  1.57735e+00,  4.22650e-01, -4.22650e-01]
  ],
  [
    [-4.22650e-01, -1.57735e+00,  1.57735e+00,  4.22650e-01],
    [-4.22650e-01,  4.22650e-01,  1.57735e+00, -1.57735e+00]
  ],
  [
    [-1.57735e+00, -4.22650e-01,  4.22650e-01,  1.57735e+00],
    [-1.57735e+00,  1.57735e+00,  4.22650e-01, -4.22650e-01]
  ],
  [
    [-1.57735e+00, -4.22650e-01,  4.22650e-01,  1.57735e+00],
    [-4.22650e-01,  4.22650e-01,  1.57735e+00, -1.57735e+00]
  ],
  [
    [-4.22650e-01, -1.57735e+00,  1.57735e+00,  4.22650e-01],
    [-1.57735e+00,  1.57735e+00,  4.22650e-01, -4.22650e-01]
  ],
  [
    [-4.22650e-01, -1.57735e+00,  1.57735e+00,  4.22650e-01],
    [-4.22650e-01,  4.22650e-01,  1.57735e+00, -1.57735e+00]
  ],
  [
    [-1.57735e+00, -4.22650e-01,  4.22650e-01,  1.57735e+00],
    [-1.57735e+00,  1.57735e+00,  4.22650e-01, -4.22650e-01]
  ],
  [
    [-1.57735e+00, -4.22650e-01,  4.22650e-01,  1.57735e+00],
    [-4.22650e-01,  4.22650e-01,  1.57735e+00, -1.57735e+00]
  ],
  [
    [-4.22650e-01, -1.57735e+00,  1.57735e+00,  4.22650e-01],
    [-1.57735e+00,  1.57735e+00,  4.22650e-01, -4.22650e-01]
  ],
  [
    [-4.22650e-01, -1.57735e+00,  1.57735e+00,  4.22650e-01],
    [-4.22650e-01,  4.22650e-01,  1.57735e+00, -1.57735e+00]
  ],
  [
    [-1.57735e+00, -4.22650e-01,  4.22650e-01,  1.57735e+00],
    [-1.57735e+00,  1.57735e+00,  4.22650e-01, -4.22650e-01]
  ],
  [
    [-1.57735e+00, -4.22650e-01,  4.22650e-01,  1.57735e+00],
    [-4.22650e-01,  4.22650e-01,  1.57735e+00, -1.57735e+00]
  ],
  [
    [-4.22650e-01, -1.57735e+00,  1.57735e+00,  4.22650e-01],
    [-1.57735e+00,  1.57735e+00,  4.22650e-01, -4.22650e-01]
  ],
  [
    [-4.22650e-01, -1.57735e+00,  1.57735e+00,  4.22650e-01],
    [-4.22650e-01,  4.22650e-01,  1.57735e+00, -1.57735e+00]
  ]
  ],
  "_darea" : "This is the matrix of the global stiffness matrix",
  "darea" :[
  [
    [-6.25000e-02]
  ],
  [
    [-6.25000e-02]
  ],
  [
    [-6.25000e-02]
  ],
  [
    [-6.25000e-02]
  ],
  [
    [-6.25000e-02]
  ],
  [
    [-6.25000e-02]
  ],
  [
    [-6.25000e-02]
  ],
  [
    [-6.25000e-02]
  ],
  [
    [-6.25000e-02]
  ],
  [
    [-6.25000e-02]
  ],
  [
    [-6.25000e-02]
  ],
  [
    [-6.25000e-02]
  ],
  [
    [-6.25000e-02]
  ],
  [
    [-6.25000e-02]
  ],
  [
    [-6.25000e-02]
  ],
  [
    [-6.25000e-02]
  ]
  ],
  "_bmat" : "This is the matrix of the global stiffness matrix",
  "bmat" :[
  [
    [-1.57735e+00,  0.00000e+00, -4.22650e-01,  0.00000e+00,  4.22650e-01,  0.00000e+00,  1.57735e+00,  0.00000e+00],
    [ 0.00000e+00, -1.57735e+00,  0.00000e+00,  1.57735e+00,  0.00000e+00,  4.22650e-01,  0.00000e+00, -4.22650e-01],
    [-1.57735e+00, -1.57735e+00,  1.57735e+00, -4.22650e-01,  4.22650e-01,  4.22650e-01, -4.22650e-01,  1.57735e+00]
  ],
  [
    [-1.57735e+00,  0.00000e+00, -4.22650e-01,  0.00000e+00,  4.22650e-01,  0.00000e+00,  1.57735e+00,  0.00000e+00],
    [ 0.00000e+00, -4.22650e-01,  0.00000e+00,  4.22650e-01,  0.00000e+00,  1.57735e+00,  0.00000e+00, -1.57735e+00],
    [-4.22650e-01, -1.57735e+00,  4.22650e-01, -4.22650e-01,  1.57735e+00,  4.22650e-01, -1.57735e+00,  1.57735e+00]
  ],
  [
    [-4.22650e-01,  0.00000e+00, -1.57735e+00,  0.00000e+00,  1.57735e+00,  0.00000e+00,  4.22650e-01,  0.00000e+00],
    [ 0.00000e+00, -1.57735e+00,  0.00000e+00,  1.57735e+00,  0.00000e+00,  4.22650e-01,  0.00000e+00, -4.22650e-01],
    [-1.57735e+00, -4.22650e-01,  1.57735e+00, -1.57735e+00,  4.22650e-01,  1.57735e+00, -4.22650e-01,  4.22650e-01]
  ],
  [
    [-4.22650e-01,  0.00000e+00, -1.57735e+00,  0.00000e+00,  1.57735e+00,  0.00000e+00,  4.22650e-01,  0.00000e+00],
    [ 0.00000e+00, -4.22650e-01,  0.00000e+00,  4.22650e-01,  0.00000e+00,  1.57735e+00,  0.00000e+00, -1.57735e+00],
    [-4.22650e-01, -4.22650e-01,  4.22650e-01, -1.57735e+00,  1.57735e+00,  1.57735e+00, -1.57735e+00,  4.22650e-01]
  ],
  [
    [-1.57735e+00,  0.00000e+00, -4.22650e-01,  0.00000e+00,  4.22650e-01,  0.00000e+00,  1.57735e+00,  0.00000e+00],
    [ 0.00000e+00, -1.57735e+00,  0.00000e+00,  1.57735e+00,  0.00000e+00,  4.22650e-01,  0.00000e+00, -4.22650e-01],
    [-1.57735e+00, -1.57735e+00,  1.57735e+00, -4.22650e-01,  4.22650e-01,  4.22650e-01, -4.22650e-01,  1.57735e+00]
  ],
  [
    [-1.57735e+00,  0.00000e+00, -4.22650e-01,  0.00000e+00,  4.22650e-01,  0.00000e+00,  1.57735e+00,  0.00000e+00],
    [ 0.00000e+00, -4.22650e-01,  0.00000e+00,  4.22650e-01,  0.00000e+00,  1.57735e+00,  0.00000e+00, -1.57735e+00],
    [-4.22650e-01, -1.57735e+00,  4.22650e-01, -4.22650e-01,  1.57735e+00,  4.22650e-01, -1.57735e+00,  1.57735e+00]
  ],
  [
    [-4.22650e-01,  0.00000e+00, -1.57735e+00,  0.00000e+00,  1.57735e+00,  0.00000e+00,  4.22650e-01,  0.00000e+00],
    [ 0.00000e+00, -1.57735e+00,  0.00000e+00,  1.57735e+00,  0.00000e+00,  4.22650e-01,  0.00000e+00, -4.22650e-01],
    [-1.57735e+00, -4.22650e-01,  1.57735e+00, -1.57735e+00,  4.22650e-01,  1.57735e+00, -4.22650e-01,  4.22650e-01]
  ],
  [
    [-4.22650e-01,  0.00000e+00, -1.57735e+00,  0.00000e+00,  1.57735e+00,  0.00000e+00,  4.22650e-01,  0.00000e+00],
    [ 0.00000e+00, -4.22650e-01,  0.00000e+00,  4.22650e-01,  0.00000e+00,  1.57735e+00,  0.00000e+00, -1.57735e+00],
    [-4.22650e-01, -4.22650e-01,  4.22650e-01, -1.57735e+00,  1.57735e+00,  1.57735e+00, -1.57735e+00,  4.22650e-01]
  ],
  [
    [-1.57735e+00,  0.00000e+00, -4.22650e-01,  0.00000e+00,  4.22650e-01,  0.00000e+00,  1.57735e+00,  0.00000e+00],
    [ 0.00000e+00, -1.57735e+00,  0.00000e+00,  1.57735e+00,  0.00000e+00,  4.22650e-01,  0.00000e+00, -4.22650e-01],
    [-1.57735e+00, -1.57735e+00,  1.57735e+00, -4.22650e-01,  4.22650e-01,  4.22650e-01, -4.22650e-01,  1.57735e+00]
  ],
  [
    [-1.57735e+00,  0.00000e+00, -4.22650e-01,  0.00000e+00,  4.22650e-01,  0.00000e+00,  1.57735e+00,  0.00000e+00],
    [ 0.00000e+00, -4.22650e-01,  0.00000e+00,  4.22650e-01,  0.00000e+00,  1.57735e+00,  0.00000e+00, -1.57735e+00],
    [-4.22650e-01, -1.57735e+00,  4.22650e-01, -4.22650e-01,  1.57735e+00,  4.22650e-01, -1.57735e+00,  1.57735e+00]
  ],
  [
    [-4.22650e-01,  0.00000e+00, -1.57735e+00,  0.00000e+00,  1.57735e+00,  0.00000e+00,  4.22650e-01,  0.00000e+00],
    [ 0.00000e+00, -1.57735e+00,  0.00000e+00,  1.57735e+00,  0.00000e+00,  4.22650e-01,  0.00000e+00, -4.22650e-01],
    [-1.57735e+00, -4.22650e-01,  1.57735e+00, -1.57735e+00,  4.22650e-01,  1.57735e+00, -4.22650e-01,  4.22650e-01]
  ],
  [
    [-4.22650e-01,  0.00000e+00, -1.57735e+00,  0.00000e+00,  1.57735e+00,  0.00000e+00,  4.22650e-01,  0.00000e+00],
    [ 0.00000e+00, -4.22650e-01,  0.00000e+00,  4.22650e-01,  0.00000e+00,  1.57735e+00,  0.00000e+00, -1.57735e+00],
    [-4.22650e-01, -4.22650e-01,  4.22650e-01, -1.57735e+00,  1.57735e+00,  1.57735e+00, -1.57735e+00,  4.22650e-01]
  ],
  [
    [-1.57735e+00,  0.00000e+00, -4.22650e-01,  0.00000e+00,  4.22650e-01,  0.00000e+00,  1.57735e+00,  0.00000e+00],
    [ 0.00000e+00, -1.57735e+00,  0.00000e+00,  1.57735e+00,  0.00000e+00,  4.22650e-01,  0.00000e+00, -4.22650e-01],
    [-1.57735e+00, -1.57735e+00,  1.57735e+00, -4.22650e-01,  4.22650e-01,  4.22650e-01, -4.22650e-01,  1.57735e+00]
  ],
  [
    [-1.57735e+00,  0.00000e+00, -4.22650e-01,  0.00000e+00,  4.22650e-01,  0.00000e+00,  1.57735e+00,  0.00000e+00],
    [ 0.00000e+00, -4.22650e-01,  0.00000e+00,  4.22650e-01,  0.00000e+00,  1.57735e+00,  0.00000e+00, -1.57735e+00],
    [-4.22650e-01, -1.57735e+00,  4.22650e-01, -4.22650e-01,  1.57735e+00,  4.22650e-01, -1.57735e+00,  1.57735e+00]
  ],
  [
    [-4.22650e-01,  0.00000e+00, -1.57735e+00,  0.00000e+00,  1.57735e+00,  0.00000e+00,  4.22650e-01,  0.00000e+00],
    [ 0.00000e+00, -1.57735e+00,  0.00000e+00,  1.57735e+00,  0.00000e+00,  4.22650e-01,  0.00000e+00, -4.22650e-01],
    [-1.57735e+00, -4.22650e-01,  1.57735e+00, -1.57735e+00,  4.22650e-01,  1.57735e+00, -4.22650e-01,  4.22650e-01]
  ],
  [
    [-4.22650e-01,  0.00000e+00, -1.57735e+00,  0.00000e+00,  1.57735e+00,  0.00000e+00,  4.22650e-01,  0.00000e+00],
    [ 0.00000e+00, -4.22650e-01,  0.00000e+00,  4.22650e-01,  0.00000e+00,  1.57735e+00,  0.00000e+00, -1.57735e+00],
    [-4.22650e-01, -4.22650e-01,  4.22650e-01, -1.57735e+00,  1.57735e+00,  1.57735e+00, -1.57735e+00,  4.22650e-01]
  ]
  ],
};